RIBOSUM

	A	C	G	U
A	2.23
C	-5.34	1.94
G	-4.95	-5.61	1.61
U	-4.43	-3.35	-5.27	1.90


	AA	AC	AG	AU	CA	CC	CG	CU	GA	GC	GG	GU	UA	UC	UG	UU
AA	-0.29
AC	-9.97	-0.35
AG	-9.30	-10.00	-0.79
AU	-6.08	-6.27	-9.84	5.17
CA	-10.10	-12.56	-11.32	-11.96	-0.51
CC	-18.61	-9.92	-14.02	-11.15	-11.07	0.24
CG	-9.47	-9.70	-5.36	-4.15	-4.95	-6.03	6.16
CU	-15.83	-15.60	-13.47	-8.04	-12.92	-6.30	-6.62	0.34
GA	-8.18	-14.90	-11.47	-10.94	-12.14	-17.85	-12.05	-inf	-0.79
GC	-10.08	-3.99	-9.44	-1.77	-11.43	-4.26	-3.75	-8.35	-6.68	6.30
GG	-13.77	-11.84	-9.09	-10.79	-12.69	-15.45	-6.50	-15.59	-10.92	-4.24	-1.66
GU	-11.42	-7.93	-12.21	-2.39	-12.90	-10.13	-5.86	-7.45	-8.33	-0.89	-6.44	3.93
UA	-6.25	-11.93	-11.26	-4.42	-4.67	-10.15	-1.67	-9.07	-8.57	-4.69	-10.04	-6.59	5.25
UC	-12.94	-9.57	-14.53	-11.16	-13.08	-5.75	-9.10	-10.94	-17.45	-5.35	-12.20	-8.83	-6.72	-0.61
UG	-11.60	-12.35	-7.02	-6.60	-8.51	-11.80	-1.32	-11.37	-10.50	-5.74	-6.45	-7.27	-2.75	-8.53	3.87
UU	-18.64	-12.18	-15.21	-6.63	-10.94	-10.50	-8.15	-7.55	-16.73	-7.90	-14.35	-6.81	-5.31	-6.66	-7.18	0.22


BASE FREQUENCIES
2.72123e-01 2.08792e-01 2.66028e-01 2.53057e-01 

BASE PAIR FREQUENCIES
4.77152e-03 2.81953e-03 3.21288e-03 1.74046e-01 
2.56046e-03 2.48045e-03 2.23239e-01 3.65451e-03 
3.11053e-03 2.46166e-01 1.96913e-03 7.22204e-02 
1.83140e-01 2.07232e-03 6.93831e-02 5.15413e-03 


BASE MATCH FREQUENCIES
3.48485e-01 1.40703e-03 2.34637e-03 3.18866e-03 1.40703e-03 1.66863e-01 1.14056e-03 5.18160e-03 2.34637e-03 1.14056e-03 2.15963e-01 1.74934e-03 3.18866e-03 5.18160e-03 1.74934e-03 2.38662e-01 

BASE PAIR MATCH FREQUENCIES
4.47789e-03 4.20271e-06 8.51876e-06 7.55372e-05 3.83398e-06 8.08103e-09 5.80103e-06 6.69738e-08 1.84743e-05 3.79960e-06 3.75885e-07 1.82113e-06 6.69729e-05 4.99309e-07 1.61002e-06 1.16280e-08 
4.20271e-06 2.52570e-03 4.01845e-06 5.08722e-05 5.35791e-07 2.54867e-06 3.78880e-06 6.06077e-08 1.34558e-07 1.99206e-04 1.09472e-06 1.56921e-05 1.00004e-06 3.94536e-06 7.34077e-07 7.84705e-07 
8.51876e-06 4.01845e-06 3.03634e-03 5.42542e-06 1.60641e-06 1.89411e-07 9.79586e-05 3.37923e-07 1.85210e-06 5.78344e-06 9.38499e-06 1.02814e-06 2.03915e-06 1.61621e-07 3.76049e-05 1.22437e-07 
7.55372e-05 5.08722e-05 5.42542e-06 1.70950e-01 9.83886e-07 1.31945e-06 2.16118e-04 1.37860e-05 2.54434e-06 1.11785e-03 2.74866e-06 8.86252e-04 2.22168e-04 1.59030e-06 4.78949e-05 4.45516e-05 
3.83398e-06 5.35791e-07 1.60641e-06 9.83886e-07 2.25924e-03 1.15422e-06 1.02250e-04 3.86292e-07 9.09460e-07 1.14179e-06 6.06688e-07 4.99050e-07 1.53401e-04 3.45769e-07 1.04968e-05 1.85394e-06 
8.08103e-09 2.54867e-06 1.89411e-07 1.31945e-06 1.15422e-06 2.25201e-03 3.71713e-05 2.92116e-05 1.33429e-08 1.26087e-04 6.88059e-08 2.62565e-06 2.64634e-06 4.26601e-05 8.24474e-07 1.92927e-06 
5.80103e-06 3.78880e-06 9.79586e-05 2.16118e-04 1.02250e-04 3.71713e-05 2.20203e-01 2.99053e-05 9.48885e-07 2.29750e-04 4.33941e-05 6.42271e-05 1.20231e-03 5.36446e-06 1.49741e-03 1.25015e-05 
6.69738e-08 6.06077e-08 3.37923e-07 1.37860e-05 3.86292e-07 2.92116e-05 2.99053e-05 3.53292e-03 0.00000e+00 9.01923e-06 7.56655e-08 2.03728e-05 6.76259e-06 1.41792e-06 1.33957e-06 1.80369e-05 
1.84743e-05 1.34558e-07 1.85210e-06 2.54434e-06 9.09460e-07 1.33429e-08 9.48885e-07 0.00000e+00 3.03469e-03 3.92584e-05 2.65120e-06 1.51430e-05 1.31087e-05 2.14239e-08 3.35447e-06 4.27307e-08 
3.79960e-06 1.99206e-04 5.78344e-06 1.11785e-03 1.14179e-06 1.26087e-04 2.29750e-04 9.01923e-06 3.92584e-05 2.42899e-01 2.08148e-04 2.01518e-03 1.48329e-04 7.20876e-05 7.00425e-05 1.48611e-05 
3.75885e-07 1.09472e-06 9.38499e-06 2.74866e-06 6.06688e-07 6.88059e-08 4.33941e-05 7.56655e-08 2.65120e-06 2.08148e-04 1.58013e-03 5.49598e-05 4.63137e-06 7.94877e-07 5.45647e-05 2.16707e-07 
1.82113e-06 1.56921e-05 1.02814e-06 8.86252e-04 4.99050e-07 2.62565e-06 6.42271e-05 2.03728e-05 1.51430e-05 2.01518e-03 5.49598e-05 6.90453e-02 4.82814e-05 7.81934e-06 2.92732e-05 3.83262e-05 
6.69729e-05 1.00004e-06 2.03915e-06 2.22168e-04 1.53401e-04 2.64634e-06 1.20231e-03 6.76259e-06 1.31087e-05 1.48329e-04 4.63137e-06 4.82814e-05 1.79995e-01 3.45224e-05 6.87248e-04 1.10841e-04 
4.99309e-07 3.94536e-06 1.61621e-07 1.59030e-06 3.45769e-07 4.26601e-05 5.36446e-06 1.41792e-06 2.14239e-08 7.20876e-05 7.94877e-07 7.81934e-06 3.45224e-05 1.83183e-03 9.59197e-06 3.35166e-05 
1.61002e-06 7.34077e-07 3.76049e-05 4.78949e-05 1.04968e-05 8.24474e-07 1.49741e-03 1.33957e-06 3.35447e-06 7.00425e-05 5.45647e-05 2.92732e-05 6.87248e-04 9.59197e-06 6.64043e-02 2.98236e-05 
1.16280e-08 7.84705e-07 1.22437e-07 4.45516e-05 1.85394e-06 1.92927e-06 1.25015e-05 1.80369e-05 4.27307e-08 1.48611e-05 2.16707e-07 3.83262e-05 1.10841e-04 3.35166e-05 2.98236e-05 4.76696e-03 

