RIBOSUM

	A	C	G	U
A	2.19
C	-1.73	1.08
G	-1.36	-2.36	1.02
U	-1.28	-0.91	-1.67	1.62


	AA	AC	AG	AU	CA	CC	CG	CU	GA	GC	GG	GU	UA	UC	UG	UU
AA	-2.16
AC	-8.04	-1.81
AG	-8.42	-9.82	-1.95
AU	-4.70	-2.18	-5.89	4.43
CA	-9.05	-10.58	-10.89	-5.49	-2.52
CC	-11.76	-8.21	-13.59	-5.91	-10.41	-2.95
CG	-4.61	-5.57	-4.80	1.78	-3.20	-4.72	5.37
CU	-11.04	-9.35	-8.98	-4.83	-7.81	-5.39	-4.45	-0.92
GA	-7.22	-9.76	-7.78	-5.64	-7.35	-12.66	-4.20	-7.64	-1.11
GC	-5.03	-3.62	-5.28	2.71	-5.50	-3.59	2.26	-5.48	-4.04	5.63
GG	-8.60	-9.20	-5.34	-5.51	-11.08	-12.74	-4.72	-12.25	-6.19	-3.67	-2.01
GU	-5.85	-4.65	-6.67	0.61	-7.17	-7.52	-0.23	-4.96	-6.14	1.34	-5.88	3.39
UA	-3.97	-5.54	-6.19	1.58	-2.83	-6.30	2.80	-4.54	-5.06	1.66	-6.02	-0.65	4.87
UC	-10.20	-8.08	-8.38	-4.95	-8.22	-7.29	-5.34	-3.98	-6.59	-4.22	-11.16	-5.01	-3.12	-3.50
UG	-6.05	-7.12	-5.75	-0.62	-5.53	-8.09	1.28	-7.03	-7.10	-0.01	-4.86	-2.12	0.96	-5.89	3.22
UU	-8.79	-6.84	-9.97	-3.19	-8.23	-5.58	-3.36	-4.39	-10.02	-3.61	-10.84	-4.36	-3.45	-5.81	-3.96	-0.30


BASE FREQUENCIES
2.56153e-01 2.21806e-01 2.98726e-01 2.23315e-01 

BASE PAIR FREQUENCIES
2.11245e-03 2.31004e-03 2.70985e-03 1.30479e-01 
1.86872e-03 9.88964e-04 2.59561e-01 2.34274e-03 
4.14029e-03 2.84081e-01 3.39011e-03 7.21676e-02 
1.55903e-01 1.35280e-03 7.27091e-02 3.88393e-03 


BASE MATCH FREQUENCIES
3.00140e-01 1.70902e-02 2.98376e-02 2.36228e-02 1.70902e-02 1.04045e-01 1.28948e-02 2.63926e-02 2.98376e-02 1.28948e-02 1.80666e-01 2.10200e-02 2.36228e-02 2.63926e-02 2.10200e-02 1.53433e-01 

BASE PAIR MATCH FREQUENCIES
9.63832e-04 1.41328e-05 1.46582e-05 1.44726e-04 7.00920e-06 9.31196e-07 1.78358e-04 1.54199e-06 3.35754e-05 1.32709e-04 1.51080e-05 7.59957e-05 2.39208e-04 2.76005e-06 6.59446e-05 7.41439e-06 
1.41328e-05 9.19894e-04 4.81411e-06 7.18267e-04 2.10945e-06 9.44740e-06 7.94220e-05 4.29906e-06 5.00615e-06 3.05172e-04 8.64927e-06 1.50444e-04 7.00415e-05 1.04084e-05 2.73139e-05 2.47871e-05 
1.46582e-05 4.81411e-06 1.52002e-03 7.38446e-05 2.28843e-06 3.04938e-07 1.81908e-04 7.48365e-06 2.66187e-05 1.30768e-04 1.68223e-04 5.02716e-05 6.00037e-05 1.13782e-05 9.50796e-05 3.79815e-06 
1.44726e-04 7.18267e-04 7.38446e-05 7.03022e-02 7.23761e-05 4.68694e-05 1.29949e-02 9.99494e-05 8.80525e-05 2.47799e-02 1.12120e-04 5.83345e-03 9.75312e-03 9.13960e-05 2.48266e-03 3.13581e-04 
7.00920e-06 2.10945e-06 2.28843e-06 7.23761e-05 5.64482e-04 2.05144e-06 4.09806e-04 1.25737e-05 2.67118e-05 8.33094e-05 2.34881e-06 2.63808e-05 4.58431e-04 9.41140e-06 8.19009e-05 9.42717e-06 
9.31196e-07 9.44740e-06 3.04938e-07 4.68694e-05 2.05144e-06 3.12211e-04 1.24113e-04 5.82142e-05 5.80937e-07 2.70390e-04 6.42921e-07 1.78340e-05 3.57045e-05 1.55227e-05 1.20478e-05 5.14138e-05 
1.78358e-04 7.94220e-05 1.81908e-04 1.29949e-02 4.09806e-04 1.24113e-04 1.82177e-01 1.49776e-04 2.75193e-04 2.09936e-02 2.24845e-04 3.76664e-03 2.64295e-02 8.10611e-05 1.07372e-02 3.21181e-04 
1.54199e-06 4.29906e-06 7.48365e-06 9.99494e-05 1.25737e-05 5.82142e-05 1.49776e-04 1.29536e-03 1.90215e-05 7.34495e-05 9.06022e-07 1.06066e-04 1.21542e-04 1.54971e-04 2.52603e-05 1.17586e-04 
3.35754e-05 5.00615e-06 2.66187e-05 8.80525e-05 2.67118e-05 5.80937e-07 2.75193e-04 1.90215e-05 2.70558e-03 3.08907e-04 9.36115e-05 7.26006e-05 1.31018e-04 3.93672e-05 3.72235e-05 3.67380e-06 
1.32709e-04 3.05172e-04 1.30768e-04 2.47799e-02 8.33094e-05 2.70390e-04 2.09936e-02 7.34495e-05 3.08907e-04 2.18131e-01 4.65187e-04 1.11769e-02 1.19898e-02 1.75762e-04 4.37819e-03 2.70953e-04 
1.51080e-05 8.64927e-06 1.68223e-04 1.12120e-04 2.34881e-06 6.42921e-07 2.24845e-04 9.06022e-07 9.36115e-05 4.65187e-04 1.97534e-03 1.01434e-04 7.86073e-05 1.93566e-06 2.04750e-04 2.42629e-06 
7.59957e-05 1.50444e-04 5.02716e-05 5.83345e-03 2.63808e-05 1.78340e-05 3.76664e-03 1.06066e-04 7.26006e-05 1.11769e-02 1.01434e-04 4.65562e-02 2.43097e-03 1.02348e-04 1.02627e-03 1.62338e-04 
2.39208e-04 7.00415e-05 6.00037e-05 9.75312e-03 4.58431e-04 3.57045e-05 2.64295e-02 1.21542e-04 1.31018e-04 1.19898e-02 7.86073e-05 2.43097e-03 9.53725e-02 3.24844e-04 7.44236e-03 2.61524e-04 
2.76005e-06 1.04084e-05 1.13782e-05 9.13960e-05 9.41140e-06 1.55227e-05 8.10611e-05 1.54971e-04 3.93672e-05 1.75762e-04 1.93566e-06 1.02348e-04 3.24844e-04 2.17471e-04 5.58717e-05 4.41390e-05 
6.59446e-05 2.73139e-05 9.50796e-05 2.48266e-03 8.19009e-05 1.20478e-05 1.07372e-02 2.52603e-05 3.72235e-05 4.37819e-03 2.04750e-04 1.02627e-03 7.44236e-03 5.58717e-05 4.14944e-02 2.13910e-04 
7.41439e-06 2.47871e-05 3.79815e-06 3.13581e-04 9.42717e-06 5.14138e-05 3.21181e-04 1.17586e-04 3.67380e-06 2.70953e-04 2.42629e-06 1.62338e-04 2.61524e-04 4.41390e-05 2.13910e-04 2.01596e-03 

