RIBOSUM

	A	C	G	U
A	2.36
C	-2.39	1.28
G	-2.02	-2.99	1.16
U	-2.01	-1.23	-2.32	1.83


	AA	AC	AG	AU	CA	CC	CG	CU	GA	GC	GG	GU	UA	UC	UG	UU
AA	-1.38
AC	-9.55	-1.75
AG	-8.93	-10.11	-1.64
AU	-5.59	-2.96	-6.51	4.78
CA	-10.19	-11.48	-11.27	-6.76	-2.00
CC	-14.13	-9.56	-13.52	-7.39	-10.61	-1.99
CG	-5.81	-6.33	-5.07	1.23	-3.69	-5.24	5.52
CU	-11.34	-11.79	-7.81	-6.22	-7.96	-7.10	-4.95	-0.50
GA	-9.28	-8.36	-8.66	-7.25	-8.77	-11.95	-4.04	-6.06	-0.86
GC	-5.45	-4.10	-6.54	2.26	-6.13	-4.57	1.61	-7.19	-4.38	5.70
GG	-10.03	-9.00	-5.56	-7.15	-12.31	-13.64	-4.55	-12.65	-6.67	-4.34	-2.00
GU	-7.29	-6.01	-7.43	0.12	-8.45	-8.49	-0.89	-6.97	-7.06	0.91	-6.20	3.61
UA	-4.89	-6.57	-6.73	1.09	-3.69	-7.47	2.35	-4.39	-5.23	1.00	-7.02	-1.34	5.14
UC	-11.78	-8.85	-8.16	-6.49	-8.63	-8.93	-6.03	-4.38	-6.35	-4.91	-12.46	-5.25	-2.86	-3.36
UG	-6.81	-8.01	-5.86	-1.18	-6.43	-9.26	0.96	-8.47	-7.81	-0.45	-4.82	-2.42	0.67	-7.15	3.44
UU	-9.96	-8.23	-10.36	-3.87	-8.16	-7.43	-4.00	-4.63	-11.94	-4.27	-11.46	-5.10	-4.02	-4.66	-5.04	0.06


BASE FREQUENCIES
2.51502e-01 2.24118e-01 3.00203e-01 2.24177e-01 

BASE PAIR FREQUENCIES
2.24667e-03 1.78842e-03 2.57193e-03 1.29185e-01 
1.62072e-03 1.02238e-03 2.62966e-01 2.39267e-03 
4.31039e-03 2.83510e-01 3.15021e-03 7.40009e-02 
1.53145e-01 1.24792e-03 7.30235e-02 3.81870e-03 


BASE MATCH FREQUENCIES
3.23607e-01 1.07411e-02 1.86628e-02 1.40339e-02 1.07411e-02 1.22082e-01 8.46620e-03 2.14098e-02 1.86628e-02 8.46620e-03 2.01975e-01 1.35236e-02 1.40339e-02 2.14098e-02 1.35236e-02 1.78660e-01 

BASE PAIR MATCH FREQUENCIES
1.53610e-03 4.76223e-06 9.77303e-06 7.41989e-05 3.06075e-06 1.77342e-07 7.60824e-05 1.22347e-06 7.68322e-06 9.76295e-05 5.46875e-06 2.71097e-05 1.20631e-04 9.04588e-07 3.78194e-05 3.19154e-06 
4.76223e-06 9.43087e-04 3.86359e-06 4.08312e-04 1.11445e-06 3.73840e-06 4.72436e-05 7.99846e-07 1.29678e-05 2.20964e-04 9.94452e-06 5.88409e-05 3.33383e-05 6.13789e-06 1.47633e-05 9.42898e-06 
9.77303e-06 3.86359e-06 1.82590e-03 4.68371e-05 1.72317e-06 3.22924e-07 1.51219e-04 1.69561e-05 1.40603e-05 5.45037e-05 1.44719e-04 2.94429e-05 4.01619e-05 1.32287e-05 8.73303e-05 2.88744e-06 
7.41989e-05 4.08312e-04 4.68371e-05 8.71982e-02 2.93654e-05 1.69379e-05 8.92704e-03 3.79859e-05 2.79175e-05 1.81753e-02 3.58187e-05 4.10956e-03 6.76452e-03 3.15486e-05 1.66945e-03 1.93382e-04 
3.06075e-06 1.11445e-06 1.72317e-06 2.93654e-05 7.96136e-04 1.81512e-06 2.93205e-04 1.13604e-05 9.76133e-06 5.42987e-05 1.00120e-06 1.08657e-05 2.46199e-04 7.15164e-06 4.38473e-05 9.88271e-06 
1.77342e-07 3.73840e-06 3.22924e-07 1.69379e-05 1.81512e-06 6.34319e-04 8.96549e-05 1.83847e-05 9.57362e-07 1.42649e-04 3.53829e-07 9.39148e-06 1.60120e-05 5.18828e-06 5.51848e-06 1.46486e-05 
7.60824e-05 4.72436e-05 1.51219e-04 8.92704e-03 2.93205e-04 8.96549e-05 2.07381e-01 1.09253e-04 3.09517e-04 1.38571e-02 2.58353e-04 2.43962e-03 1.93011e-02 5.18470e-05 8.80179e-03 2.11405e-04 
1.22347e-06 7.99846e-07 1.69561e-05 3.79859e-05 1.13604e-05 1.83847e-05 1.09253e-04 1.77908e-03 5.69767e-05 2.30948e-05 7.05993e-07 2.68793e-05 1.34913e-04 1.21059e-04 9.54476e-06 1.02176e-04 
7.68322e-06 1.29678e-05 1.40603e-05 2.79175e-05 9.76133e-06 9.57362e-07 3.09517e-04 5.69767e-05 3.13898e-03 2.44529e-04 6.68250e-05 3.81608e-05 1.13509e-04 4.63519e-05 2.27124e-05 9.63733e-07 
9.76295e-05 2.20964e-04 5.45037e-05 1.81753e-02 5.42987e-05 1.42649e-04 1.38571e-02 2.30948e-05 2.44529e-04 2.35158e-01 3.00001e-04 8.50251e-03 7.56114e-03 1.12187e-04 3.31432e-03 1.74821e-04 
5.46875e-06 9.94452e-06 1.44719e-04 3.58187e-05 1.00120e-06 3.53829e-07 2.58353e-04 7.05993e-07 6.68250e-05 3.00001e-04 2.03316e-03 8.23206e-05 3.91533e-05 8.04126e-07 2.15372e-04 1.60583e-06 
2.71097e-05 5.88409e-05 2.94429e-05 4.10956e-03 1.08657e-05 9.39148e-06 2.43962e-03 2.68793e-05 3.81608e-05 8.50251e-03 8.23206e-05 5.53989e-02 1.49856e-03 8.91104e-05 8.44097e-04 9.86750e-05 
1.20631e-04 3.33383e-05 4.01619e-05 6.76452e-03 2.46199e-04 1.60120e-05 1.93011e-02 1.34913e-04 1.13509e-04 7.56114e-03 3.91533e-05 1.49856e-03 1.12429e-01 3.89187e-04 6.03199e-03 1.74932e-04 
9.04588e-07 6.13789e-06 1.32287e-05 3.15486e-05 7.15164e-06 5.18828e-06 5.18470e-05 1.21059e-04 4.63519e-05 1.12187e-04 8.04126e-07 8.91104e-05 3.89187e-04 2.46581e-04 2.38691e-05 1.00070e-04 
3.78194e-05 1.47633e-05 8.73303e-05 1.66945e-03 4.38473e-05 5.51848e-06 8.80179e-03 9.54476e-06 2.27124e-05 3.31432e-03 2.15372e-04 8.44097e-04 6.03199e-03 2.38691e-05 4.90307e-02 1.03152e-04 
3.19154e-06 9.42898e-06 2.88744e-06 1.93382e-04 9.88271e-06 1.46486e-05 2.11405e-04 1.02176e-04 9.63733e-07 1.74821e-04 1.60583e-06 9.86750e-05 1.74932e-04 1.00070e-04 1.03152e-04 2.62782e-03 

