RIBOSUM

	A	C	G	U
A	2.29
C	-2.37	1.34
G	-2.01	-2.86	1.20
U	-2.04	-1.16	-2.30	1.78


	AA	AC	AG	AU	CA	CC	CG	CU	GA	GC	GG	GU	UA	UC	UG	UU
AA	-0.89
AC	-9.03	-1.23
AG	-8.57	-9.98	-1.75
AU	-5.46	-3.22	-6.39	4.83
CA	-9.83	-10.95	-11.28	-6.78	-1.45
CC	-13.72	-8.33	-13.21	-7.30	-10.11	-1.39
CG	-5.66	-6.13	-4.87	1.09	-3.36	-5.15	5.60
CU	-11.00	-11.43	-8.14	-6.24	-7.99	-6.57	-4.86	-0.10
GA	-9.20	-8.63	-8.85	-7.32	-8.84	-12.05	-4.25	-6.40	-0.85
GC	-5.28	-3.97	-6.52	2.14	-5.84	-4.30	1.62	-7.07	-4.42	5.78
GG	-10.06	-9.18	-5.18	-7.28	-11.88	-13.17	-4.60	-12.76	-6.81	-4.39	-2.10
GU	-7.15	-5.83	-7.17	0.12	-8.27	-8.30	-0.98	-6.87	-6.78	0.94	-6.21	3.58
UA	-4.84	-6.54	-6.87	0.79	-3.79	-7.35	2.25	-4.55	-5.42	0.84	-7.08	-1.58	5.10
UC	-11.51	-8.45	-8.40	-6.28	-8.81	-8.29	-5.90	-4.68	-6.70	-4.74	-12.38	-5.04	-3.16	-3.25
UG	-6.84	-7.82	-5.43	-1.43	-6.26	-9.05	0.97	-8.48	-7.93	-0.57	-4.95	-2.59	0.49	-7.24	3.44
UU	-9.86	-7.89	-10.00	-3.79	-7.85	-7.01	-3.79	-4.30	-11.97	-4.00	-11.44	-4.88	-4.02	-4.36	-4.92	-0.08


BASE FREQUENCIES
2.52869e-01 2.21381e-01 2.92850e-01 2.32900e-01 

BASE PAIR FREQUENCIES
2.99804e-03 2.16078e-03 2.42631e-03 1.36736e-01 
2.05731e-03 1.35200e-03 2.56704e-01 3.06777e-03 
4.02572e-03 2.75926e-01 2.80755e-03 7.42869e-02 
1.56345e-01 1.29967e-03 7.35136e-02 4.29279e-03 


BASE MATCH FREQUENCIES
3.12876e-01 1.08581e-02 1.84355e-02 1.43193e-02 1.08581e-02 1.24083e-01 8.94900e-03 2.31198e-02 1.84355e-02 8.94900e-03 1.97710e-01 1.38337e-02 1.43193e-02 2.31198e-02 1.38337e-02 1.86299e-01 

BASE PAIR MATCH FREQUENCIES
2.20843e-03 6.85370e-06 1.24347e-05 8.52613e-05 3.94062e-06 2.31983e-07 8.18259e-05 1.61160e-06 8.05626e-06 1.06712e-04 5.15240e-06 3.07886e-05 1.31690e-04 1.12702e-06 3.79936e-05 3.73315e-06 
6.85370e-06 1.33775e-03 4.10440e-06 3.53852e-04 1.58770e-06 8.53213e-06 5.19450e-05 1.04682e-06 1.04522e-05 2.31766e-04 8.30056e-06 6.71135e-05 3.54366e-05 8.25656e-06 1.69406e-05 1.28279e-05 
1.24347e-05 4.10440e-06 1.62517e-03 5.18741e-05 1.66964e-06 3.82395e-07 1.64047e-04 1.35713e-05 1.19161e-05 5.22042e-05 1.75625e-04 3.51320e-05 3.72716e-05 1.13364e-05 1.17251e-04 3.91689e-06 
8.52613e-05 3.53852e-04 5.18741e-05 9.86890e-02 3.00999e-05 1.83649e-05 8.10946e-03 4.02329e-05 2.73347e-05 1.68155e-02 3.24631e-05 4.36092e-03 5.99418e-03 3.90707e-05 1.49262e-03 2.31035e-04 
3.94062e-06 1.58770e-06 1.66964e-06 3.00999e-05 1.14483e-03 2.47889e-06 3.54647e-04 1.13389e-05 9.04016e-06 6.31485e-05 1.27201e-06 1.24065e-05 2.38701e-04 6.42478e-06 4.97490e-05 1.31434e-05 
2.31983e-07 8.53213e-06 3.82395e-07 1.83649e-05 2.47889e-06 9.14737e-04 8.91998e-05 2.65229e-05 8.53925e-07 1.61125e-04 4.56005e-07 1.06051e-05 1.76714e-05 8.05473e-06 6.29026e-06 2.05850e-05 
8.18259e-05 5.19450e-05 1.64047e-04 8.10946e-03 3.54647e-04 8.91998e-05 2.04170e-01 1.15380e-04 2.52186e-04 1.28771e-02 2.29067e-04 2.24575e-03 1.81078e-02 5.61335e-05 8.65664e-03 2.54497e-04 
1.61160e-06 1.04682e-06 1.35713e-05 4.02329e-05 1.13389e-05 2.65229e-05 1.15380e-04 2.48146e-03 4.51941e-05 2.47995e-05 6.36308e-07 3.00226e-05 1.29600e-04 1.03471e-04 9.81629e-06 1.41944e-04 
8.05626e-06 1.04522e-05 1.19161e-05 2.73347e-05 9.04016e-06 8.53925e-07 2.52186e-04 4.51941e-05 3.04219e-03 2.24220e-04 5.66572e-05 4.60672e-05 1.01809e-04 3.67918e-05 2.07270e-05 1.00140e-06 
1.06712e-04 2.31766e-04 5.22042e-05 1.68155e-02 6.31485e-05 1.61125e-04 1.28771e-02 2.47995e-05 2.24220e-04 2.30262e-01 2.65529e-04 8.48967e-03 6.83834e-03 1.25490e-04 2.97567e-03 2.20221e-04 
5.15240e-06 8.30056e-06 1.75625e-04 3.24631e-05 1.27201e-06 4.56005e-07 2.29067e-04 6.36308e-07 5.66572e-05 2.65529e-04 1.71272e-03 7.89689e-05 3.72991e-05 8.28621e-07 1.88752e-04 1.66896e-06 
3.07886e-05 6.71135e-05 3.51320e-05 4.36092e-03 1.24065e-05 1.06051e-05 2.24575e-03 3.00226e-05 4.60672e-05 8.48967e-03 7.89689e-05 5.55362e-02 1.34709e-03 1.06806e-04 7.72164e-04 1.26024e-04 
1.31690e-04 3.54366e-05 3.72716e-05 5.99418e-03 2.38701e-04 1.76714e-05 1.81078e-02 1.29600e-04 1.01809e-04 6.83834e-03 3.72991e-05 1.34709e-03 1.19080e-01 3.38983e-04 5.64898e-03 1.96465e-04 
1.12702e-06 8.25656e-06 1.13364e-05 3.90707e-05 6.42478e-06 8.05473e-06 5.61335e-05 1.03471e-04 3.67918e-05 1.25490e-04 8.28621e-07 1.06806e-04 3.38983e-04 2.80177e-04 2.33260e-05 1.35953e-04 
3.79936e-05 1.69406e-05 1.17251e-04 1.49262e-03 4.97490e-05 6.29026e-06 8.65664e-03 9.81629e-06 2.07270e-05 2.97567e-03 1.88752e-04 7.72164e-04 5.64898e-03 2.33260e-05 5.05100e-02 1.22617e-04 
3.73315e-06 1.28279e-05 3.91689e-06 2.31035e-04 1.31434e-05 2.05850e-05 2.54497e-04 1.41944e-04 1.00140e-06 2.20221e-04 1.66896e-06 1.26024e-04 1.96465e-04 1.35953e-04 1.22617e-04 2.78859e-03 

