RIBOSUM

	A	C	G	U
A	2.26
C	-1.97	1.15
G	-1.56	-2.64	1.07
U	-1.52	-1.05	-1.88	1.71


	AA	AC	AG	AU	CA	CC	CG	CU	GA	GC	GG	GU	UA	UC	UG	UU
AA	-2.09
AC	-9.49	-2.10
AG	-8.03	-9.50	-1.82
AU	-5.04	-2.29	-6.00	4.54
CA	-9.55	-10.40	-10.09	-5.97	-2.53
CC	-12.38	-9.31	-13.14	-6.59	-10.00	-2.67
CG	-4.92	-5.85	-4.79	1.56	-3.33	-4.92	5.43
CU	-11.31	-10.43	-8.19	-5.34	-7.46	-6.24	-4.59	-0.86
GA	-7.87	-9.39	-7.25	-6.15	-7.88	-12.30	-3.96	-7.21	-0.99
GC	-5.31	-3.79	-5.21	2.59	-5.90	-4.10	1.96	-6.03	-4.21	5.66
GG	-9.15	-9.33	-5.43	-5.84	-10.83	-11.93	-4.62	-11.75	-6.33	-3.86	-1.97
GU	-6.54	-5.49	-7.08	0.48	-7.51	-7.61	-0.44	-6.00	-6.24	1.17	-6.05	3.50
UA	-4.27	-5.75	-6.35	1.49	-2.98	-6.67	2.68	-4.40	-5.34	1.46	-6.14	-0.76	4.99
UC	-10.73	-8.17	-8.05	-5.29	-7.73	-7.97	-5.50	-3.74	-6.47	-4.34	-11.75	-5.51	-2.94	-3.20
UG	-6.36	-7.34	-5.81	-0.77	-5.92	-8.54	1.19	-7.58	-7.27	-0.18	-4.70	-2.20	0.92	-6.19	3.29
UU	-9.36	-7.55	-10.25	-3.60	-8.27	-5.94	-3.73	-4.22	-10.65	-4.02	-10.69	-4.74	-3.56	-5.58	-4.79	-0.04


BASE FREQUENCIES
2.55565e-01 2.22428e-01 3.00697e-01 2.21311e-01 

BASE PAIR FREQUENCIES
1.93221e-03 1.98669e-03 2.77016e-03 1.28744e-01 
1.71468e-03 9.22064e-04 2.60234e-01 2.17731e-03 
4.36549e-03 2.85235e-01 3.47331e-03 7.30095e-02 
1.56024e-01 1.39378e-03 7.22053e-02 3.81196e-03 


BASE MATCH FREQUENCIES
3.13556e-01 1.45594e-02 2.60555e-02 1.97119e-02 1.45594e-02 1.09943e-01 1.07671e-02 2.37878e-02 2.60555e-02 1.07671e-02 1.90124e-01 1.80269e-02 1.97119e-02 2.37878e-02 1.80269e-02 1.60560e-01 

BASE PAIR MATCH FREQUENCIES
1.00038e-03 5.17620e-06 1.92344e-05 1.12055e-04 4.94476e-06 6.04207e-07 1.43925e-04 1.26835e-06 2.13985e-05 1.10074e-04 1.04143e-05 4.68370e-05 1.91685e-04 1.89129e-06 5.30646e-05 4.86281e-06 
5.17620e-06 7.55936e-04 6.02058e-06 6.59608e-04 2.38402e-06 4.43014e-06 6.61215e-05 2.03116e-06 6.51987e-06 2.75458e-04 8.00460e-06 8.39781e-05 5.97679e-05 9.73288e-06 2.34142e-05 1.48237e-05 
1.92344e-05 6.02058e-06 1.67340e-03 6.77932e-05 4.00596e-06 4.21168e-07 1.85534e-04 1.29556e-05 3.88633e-05 1.38557e-04 1.60729e-04 3.78623e-05 5.33461e-05 1.42768e-05 9.08674e-05 3.08675e-06 
1.12055e-04 6.59608e-04 6.77932e-05 7.41996e-02 5.14065e-05 2.90554e-05 1.11783e-02 6.88503e-05 6.12285e-05 2.27910e-02 8.93784e-05 5.23549e-03 8.99786e-03 7.11898e-05 2.20316e-03 2.28263e-04 
4.94476e-06 2.38402e-06 4.00596e-06 5.14065e-05 5.60734e-04 2.74190e-06 3.78485e-04 1.59277e-05 1.85289e-05 6.36015e-05 2.81548e-06 2.08095e-05 4.08688e-04 1.31496e-05 6.23672e-05 9.01088e-06 
6.04207e-07 4.43014e-06 4.21168e-07 2.90554e-05 2.74190e-06 3.83496e-04 1.09448e-04 3.22405e-05 7.52547e-07 1.92583e-04 1.14589e-06 1.68676e-05 2.74159e-05 9.71728e-06 8.84378e-06 3.94140e-05 
1.43925e-04 6.61215e-05 1.85534e-04 1.11783e-02 3.78485e-04 1.09448e-04 1.92216e-01 1.36842e-04 3.29462e-04 1.74618e-02 2.46598e-04 3.29071e-03 2.42728e-02 7.25018e-05 1.01362e-02 2.47119e-04 
1.26835e-06 2.03116e-06 1.29556e-05 6.88503e-05 1.59277e-05 3.22405e-05 1.36842e-04 1.33855e-03 2.56324e-05 5.03224e-05 1.29079e-06 5.10937e-05 1.31926e-04 1.81520e-04 1.71561e-05 1.29737e-04 
2.13985e-05 6.51987e-06 3.88633e-05 6.12285e-05 1.85289e-05 7.52547e-07 3.29462e-04 2.56324e-05 2.97134e-03 2.77321e-04 8.64829e-05 6.74637e-05 1.07551e-04 4.27931e-05 3.31687e-05 2.34792e-06 
1.10074e-04 2.75458e-04 1.38557e-04 2.27910e-02 6.36015e-05 1.92583e-04 1.74618e-02 5.03224e-05 2.77321e-04 2.26352e-01 4.15967e-04 1.00348e-02 1.04042e-02 1.62907e-04 3.92597e-03 2.01713e-04 
1.04143e-05 8.00460e-06 1.60729e-04 8.93784e-05 2.81548e-06 1.14589e-06 2.46598e-04 1.29079e-06 8.64829e-05 4.15967e-04 2.07961e-03 9.10929e-05 7.24157e-05 1.28802e-06 2.30971e-04 2.68240e-06 
4.68370e-05 8.39781e-05 3.78623e-05 5.23549e-03 2.08095e-05 1.68676e-05 3.29071e-03 5.10937e-05 6.74637e-05 1.00348e-02 9.10929e-05 4.99951e-02 2.23023e-03 7.19955e-05 9.63215e-04 1.21559e-04 
1.91685e-04 5.97679e-05 5.33461e-05 8.99786e-03 4.08688e-04 2.74159e-05 2.42728e-02 1.31926e-04 1.07551e-04 1.04042e-02 7.24157e-05 2.23023e-03 1.01681e-01 3.62003e-04 7.12951e-03 2.35286e-04 
1.89129e-06 9.73288e-06 1.42768e-05 7.11898e-05 1.31496e-05 9.71728e-06 7.25018e-05 1.81520e-04 4.27931e-05 1.62907e-04 1.28802e-06 7.19955e-05 3.62003e-04 2.62956e-04 4.48375e-05 5.02439e-05 
5.30646e-05 2.34142e-05 9.08674e-05 2.20316e-03 6.23672e-05 8.84378e-06 1.01362e-02 1.71561e-05 3.31687e-05 3.92597e-03 2.30971e-04 9.63215e-04 7.12951e-03 4.48375e-05 4.32597e-02 1.17888e-04 
4.86281e-06 1.48237e-05 3.08675e-06 2.28263e-04 9.01088e-06 3.94140e-05 2.47119e-04 1.29737e-04 2.34792e-06 2.01713e-04 2.68240e-06 1.21559e-04 2.35286e-04 5.02439e-05 1.17888e-04 2.33315e-03 

