RIBOSUM

	A	C	G	U
A	2.33
C	-2.21	1.22
G	-1.81	-2.86	1.12
U	-1.77	-1.15	-2.11	1.78


	AA	AC	AG	AU	CA	CC	CG	CU	GA	GC	GG	GU	UA	UC	UG	UU
AA	-1.76
AC	-9.66	-1.99
AG	-8.85	-9.65	-1.69
AU	-5.54	-2.54	-6.51	4.64
CA	-10.14	-11.15	-11.20	-6.46	-2.35
CC	-13.88	-9.91	-13.71	-7.08	-10.73	-2.39
CG	-5.52	-6.23	-5.12	1.47	-3.74	-5.20	5.46
CU	-11.64	-11.11	-7.96	-5.99	-7.92	-6.39	-4.88	-0.76
GA	-8.58	-8.53	-7.76	-6.73	-8.69	-11.87	-3.86	-6.33	-0.90
GC	-5.47	-4.04	-5.94	2.48	-6.12	-4.50	1.81	-6.76	-4.30	5.66
GG	-9.38	-8.69	-5.69	-6.54	-11.90	-13.14	-4.62	-12.50	-6.30	-4.14	-1.97
GU	-7.15	-5.79	-7.19	0.27	-8.15	-8.29	-0.62	-6.47	-6.73	1.03	-6.04	3.57
UA	-4.82	-6.21	-6.69	1.38	-3.35	-7.17	2.55	-4.09	-5.31	1.28	-6.60	-0.97	5.07
UC	-11.60	-8.60	-8.10	-5.94	-8.33	-8.80	-5.88	-4.05	-6.34	-4.76	-12.28	-5.40	-2.83	-3.45
UG	-6.74	-7.88	-6.01	-0.89	-6.35	-9.12	1.03	-8.18	-7.55	-0.24	-4.56	-2.28	0.86	-6.79	3.36
UU	-9.96	-8.07	-10.14	-3.93	-8.36	-6.92	-3.98	-4.55	-11.40	-4.19	-11.37	-5.12	-3.80	-4.99	-5.04	0.05


BASE FREQUENCIES
2.52781e-01 2.23621e-01 3.01655e-01 2.21943e-01 

BASE PAIR FREQUENCIES
1.91959e-03 1.81465e-03 2.65991e-03 1.28295e-01 
1.51591e-03 8.95492e-04 2.62287e-01 2.17413e-03 
4.43831e-03 2.84639e-01 3.37009e-03 7.38141e-02 
1.54399e-01 1.26774e-03 7.27935e-02 3.71601e-03 


BASE MATCH FREQUENCIES
3.20911e-01 1.22427e-02 2.17828e-02 1.64106e-02 1.22427e-02 1.16477e-01 9.27328e-03 2.23366e-02 2.17828e-02 9.27328e-03 1.97937e-01 1.55340e-02 1.64106e-02 2.23366e-02 1.55340e-02 1.69516e-01 

BASE PAIR MATCH FREQUENCIES
1.20162e-03 4.45150e-06 1.05460e-05 7.71908e-05 3.19832e-06 2.12061e-07 9.40190e-05 9.91000e-07 1.27503e-05 9.74857e-05 8.75105e-06 3.02198e-05 1.27354e-04 1.02238e-06 4.01400e-05 3.15292e-06 
4.45150e-06 8.03526e-04 5.35787e-06 5.45674e-04 1.40555e-06 2.94001e-06 5.09596e-05 1.27032e-06 1.16506e-05 2.32218e-04 1.24806e-05 6.83445e-05 4.28661e-05 7.25159e-06 1.61055e-05 1.03534e-05 
1.05460e-05 5.35787e-06 1.79919e-03 4.68721e-05 1.83265e-06 2.85483e-07 1.48167e-04 1.52101e-05 2.69094e-05 8.38422e-05 1.34663e-04 3.50754e-05 4.14221e-05 1.38410e-05 7.92381e-05 3.31982e-06 
7.71908e-05 5.45674e-04 4.68721e-05 7.85263e-02 3.60698e-05 2.07560e-05 1.04588e-02 4.37765e-05 4.03522e-05 2.11206e-02 5.48197e-05 4.53815e-03 8.18788e-03 4.52414e-05 2.02628e-03 1.81666e-04 
3.19832e-06 1.40555e-06 1.83265e-06 3.60698e-05 6.26193e-04 1.66265e-06 2.84785e-04 1.15604e-05 1.04438e-05 5.47431e-05 1.34266e-06 1.33088e-05 3.10942e-04 8.70685e-06 4.62770e-05 8.46566e-06 
2.12061e-07 2.94001e-06 2.85483e-07 2.07560e-05 1.66265e-06 4.78623e-04 9.18606e-05 2.96723e-05 1.02037e-06 1.49331e-04 5.02419e-07 1.07145e-05 1.94491e-05 5.57168e-06 6.02485e-06 2.03417e-05 
9.40190e-05 5.09596e-05 1.48167e-04 1.04588e-02 2.84785e-04 9.18606e-05 1.99750e-01 1.13906e-04 3.54711e-04 1.59496e-02 2.49858e-04 2.93961e-03 2.21196e-02 5.70287e-05 9.23636e-03 2.10579e-04 
9.91000e-07 1.27032e-06 1.52101e-05 4.37765e-05 1.15604e-05 2.96723e-05 1.13906e-04 1.45199e-03 4.70489e-05 3.08577e-05 7.77275e-07 3.73619e-05 1.63753e-04 1.49063e-04 1.14954e-05 1.04237e-04 
1.27503e-05 1.16506e-05 2.69094e-05 4.03522e-05 1.04438e-05 1.02037e-06 3.54711e-04 4.70489e-05 3.11476e-03 2.60381e-04 8.83458e-05 4.81830e-05 1.07493e-04 4.67043e-05 2.71740e-05 1.38578e-06 
9.74857e-05 2.32218e-04 8.38422e-05 2.11206e-02 5.47431e-05 1.49331e-04 1.59496e-02 3.08577e-05 2.60381e-04 2.29764e-01 3.47503e-04 9.21404e-03 9.16304e-03 1.23791e-04 3.81774e-03 1.81729e-04 
8.75105e-06 1.24806e-05 1.34663e-04 5.48197e-05 1.34266e-06 5.02419e-07 2.49858e-04 7.77275e-07 8.83458e-05 3.47503e-04 2.10925e-03 9.23541e-05 5.25426e-05 9.08704e-07 2.57431e-04 1.69010e-06 
3.02198e-05 6.83445e-05 3.50754e-05 4.53815e-03 1.33088e-05 1.07145e-05 2.93961e-03 3.73619e-05 4.81830e-05 9.21404e-03 9.23541e-05 5.31344e-02 1.92069e-03 7.87264e-05 9.24709e-04 9.45497e-05 
1.27354e-04 4.28661e-05 4.14221e-05 8.18788e-03 3.10942e-04 1.94491e-05 2.21196e-02 1.63753e-04 1.07493e-04 9.16304e-03 5.25426e-05 1.92069e-03 1.06013e-01 3.92490e-04 6.80577e-03 1.97806e-04 
1.02238e-06 7.25159e-06 1.38410e-05 4.52414e-05 8.70685e-06 5.57168e-06 5.70287e-05 1.49063e-04 4.67043e-05 1.23791e-04 9.08704e-07 7.87264e-05 3.92490e-04 2.25266e-04 3.00028e-05 7.71619e-05 
4.01400e-05 1.61055e-05 7.92381e-05 2.02628e-03 4.62770e-05 6.02485e-06 9.23636e-03 1.14954e-05 2.71740e-05 3.81774e-03 2.57431e-04 9.24709e-04 6.80577e-03 3.00028e-05 4.60444e-02 1.00142e-04 
3.15292e-06 1.03534e-05 3.31982e-06 1.81666e-04 8.46566e-06 2.03417e-05 2.10579e-04 1.04237e-04 1.38578e-06 1.81729e-04 1.69010e-06 9.45497e-05 1.97806e-04 7.71619e-05 1.00142e-04 2.51226e-03 

