RIBOSUM

	A	C	G	U
A	2.02
C	-1.43	1.04
G	-1.10	-2.01	0.98
U	-1.04	-0.72	-1.41	1.44


	AA	AC	AG	AU	CA	CC	CG	CU	GA	GC	GG	GU	UA	UC	UG	UU
AA	-2.11
AC	-6.81	-1.39
AG	-7.48	-10.20	-2.48
AU	-4.23	-2.16	-5.57	4.29
CA	-9.44	-10.61	-10.31	-5.02	-2.32
CC	-10.81	-6.91	-12.98	-4.91	-10.14	-2.96
CG	-4.16	-4.62	-4.41	1.91	-2.79	-4.12	5.41
CU	-11.23	-8.93	-8.08	-4.75	-7.38	-4.54	-4.25	-0.82
GA	-6.88	-10.12	-8.08	-4.83	-6.90	-12.18	-4.44	-7.99	-1.22
GC	-4.54	-3.31	-5.17	2.88	-4.87	-2.92	2.46	-4.84	-3.47	5.68
GG	-8.76	-10.08	-4.79	-5.06	-10.81	-12.55	-4.74	-11.86	-5.90	-3.55	-2.24
GU	-4.89	-3.97	-5.99	0.70	-6.88	-7.22	-0.00	-4.51	-5.44	1.50	-5.35	3.25
UA	-3.59	-5.26	-5.34	1.62	-2.64	-5.37	2.92	-4.42	-4.49	1.84	-5.58	-0.55	4.66
UC	-9.61	-7.46	-8.80	-4.93	-8.90	-7.42	-5.23	-4.49	-6.90	-3.75	-9.90	-4.84	-3.39	-4.27
UG	-5.68	-6.95	-5.59	-0.60	-5.19	-6.95	1.37	-6.27	-6.61	0.12	-5.02	-2.02	1.00	-5.79	3.15
UU	-7.93	-7.02	-9.55	-2.92	-8.29	-5.31	-2.84	-4.29	-9.07	-2.85	-10.23	-3.72	-3.29	-5.55	-3.74	-0.72


BASE FREQUENCIES
2.60781e-01 2.17309e-01 2.90331e-01 2.31579e-01 

BASE PAIR FREQUENCIES
2.60372e-03 2.86107e-03 2.58696e-03 1.39110e-01 
2.23250e-03 1.22293e-03 2.51121e-01 2.71743e-03 
4.07952e-03 2.75463e-01 3.08289e-03 7.17527e-02 
1.62082e-01 1.35289e-03 7.33672e-02 4.36472e-03 


BASE MATCH FREQUENCIES
2.75771e-01 2.10370e-02 3.52469e-02 2.94249e-02 2.10370e-02 9.74382e-02 1.56970e-02 3.06152e-02 3.52469e-02 1.56970e-02 1.66324e-01 2.52628e-02 2.94249e-02 3.06152e-02 2.52628e-02 1.45900e-01 

BASE PAIR MATCH FREQUENCIES
1.07074e-03 3.43475e-05 2.88876e-05 2.18699e-04 5.54136e-06 1.79084e-06 2.39278e-04 1.42386e-06 4.37643e-05 1.84355e-04 1.32322e-05 1.53803e-04 3.40427e-04 4.36491e-06 8.92614e-05 1.49695e-05 
3.43475e-05 1.22278e-03 3.63594e-06 7.64059e-04 2.06144e-06 2.21952e-05 1.44949e-04 5.84474e-06 3.84344e-06 3.61400e-04 4.42737e-06 2.42992e-04 8.94163e-05 1.61640e-05 3.07218e-05 2.34112e-05 
2.88876e-05 3.63594e-06 1.02913e-03 9.65629e-05 3.38701e-06 4.41566e-07 2.23944e-04 1.41058e-05 2.12361e-05 1.32932e-04 2.30532e-04 8.03123e-05 1.12785e-04 8.52986e-06 1.05396e-04 5.41155e-06 
2.18699e-04 7.64059e-04 9.65629e-05 7.15697e-02 1.05270e-04 9.45982e-05 1.43518e-02 1.12701e-04 1.60358e-04 2.79554e-02 1.52623e-04 6.58136e-03 1.12254e-02 1.00010e-04 2.67394e-03 4.27909e-04 
5.54136e-06 2.06144e-06 3.38701e-06 1.05270e-04 6.43413e-04 2.37318e-06 5.16649e-04 1.71446e-05 3.58351e-05 1.22168e-04 2.66915e-06 3.23927e-05 5.47954e-04 5.96702e-06 1.04726e-04 9.69425e-06 
1.79084e-06 2.21952e-05 4.41566e-07 9.45982e-05 2.37318e-06 2.86468e-04 1.70817e-04 1.02164e-04 7.71960e-07 3.94244e-04 6.62477e-07 2.13485e-05 6.89727e-05 1.38852e-05 2.56695e-05 6.39200e-05 
2.39278e-04 1.44949e-04 2.23944e-04 1.43518e-02 5.16649e-04 1.70817e-04 1.68771e-01 1.66538e-04 2.20392e-04 2.18585e-02 1.99525e-04 4.23699e-03 2.89304e-02 8.47503e-05 1.09346e-02 4.71269e-04 
1.42386e-06 5.84474e-06 1.41058e-05 1.12701e-04 1.71446e-05 1.02164e-04 1.66538e-04 1.43762e-03 1.50332e-05 1.10600e-04 1.14372e-06 1.48238e-04 1.42413e-04 1.12314e-04 4.39132e-05 1.37580e-04 
4.37643e-05 3.84344e-06 2.12361e-05 1.60358e-04 3.58351e-05 7.71960e-07 2.20392e-04 1.50332e-05 2.46584e-03 4.32354e-04 1.06706e-04 1.17213e-04 2.02824e-04 3.19538e-05 5.22079e-05 7.54801e-06 
1.84355e-04 3.61400e-04 1.32932e-04 2.79554e-02 1.22168e-04 3.94244e-04 2.18585e-02 1.10600e-04 4.32354e-04 2.04054e-01 4.53057e-04 1.19709e-02 1.36317e-02 2.35787e-04 4.60169e-03 4.68332e-04 
1.32322e-05 4.42737e-06 2.30532e-04 1.52623e-04 2.66915e-06 6.62477e-07 1.99525e-04 1.14372e-06 1.06706e-04 4.53057e-04 1.50019e-03 1.38611e-04 1.06423e-04 4.42653e-06 1.74706e-04 3.75563e-06 
1.53803e-04 2.42992e-04 8.03123e-05 6.58136e-03 3.23927e-05 2.13485e-05 4.23699e-03 1.48238e-04 1.17213e-04 1.19709e-02 1.38611e-04 4.31277e-02 2.76872e-03 1.18358e-04 1.11255e-03 2.74441e-04 
3.40427e-04 8.94163e-05 1.12785e-04 1.12254e-02 5.47954e-04 6.89727e-05 2.89304e-02 1.42413e-04 2.02824e-04 1.36317e-02 1.06423e-04 2.76872e-03 9.22918e-02 2.89080e-04 8.11993e-03 3.31834e-04 
4.36491e-06 1.61640e-05 8.52986e-06 1.00010e-04 5.96702e-06 1.38852e-05 8.47503e-05 1.12314e-04 3.19538e-05 2.35787e-04 4.42653e-06 1.18358e-04 2.89080e-04 1.31040e-04 6.12854e-05 5.76814e-05 
8.92614e-05 3.07218e-05 1.05396e-04 2.67394e-03 1.04726e-04 2.56695e-05 1.09346e-02 4.39132e-05 5.22079e-05 4.60169e-03 1.74706e-04 1.11255e-03 8.11993e-03 6.12854e-05 4.00785e-02 2.69512e-04 
1.49695e-05 2.34112e-05 5.41155e-06 4.27909e-04 9.69425e-06 6.39200e-05 4.71269e-04 1.37580e-04 7.54801e-06 4.68332e-04 3.75563e-06 2.74441e-04 3.31834e-04 5.76814e-05 2.69512e-04 1.75139e-03 

