RIBOSUM

	A	C	G	U
A	2.20
C	-1.97	1.23
G	-1.63	-2.56	1.13
U	-1.52	-0.98	-1.89	1.66


	AA	AC	AG	AU	CA	CC	CG	CU	GA	GC	GG	GU	UA	UC	UG	UU
AA	-1.24
AC	-9.46	-1.17
AG	-8.54	-9.73	-2.19
AU	-4.89	-2.33	-6.00	4.61
CA	-8.41	-11.33	-11.73	-6.42	-1.90
CC	-14.42	-9.13	-13.94	-7.07	-10.45	-1.71
CG	-5.41	-4.68	-5.12	1.42	-3.15	-3.32	5.54
CU	-11.87	-10.90	-8.37	-5.97	-8.12	-6.37	-4.57	-0.22
GA	-9.13	-9.27	-8.50	-6.60	-9.07	-12.47	-4.46	-6.63	-0.99
GC	-5.40	-3.91	-5.65	2.50	-6.11	-3.21	2.00	-5.83	-4.11	5.75
GG	-10.19	-9.23	-5.13	-6.33	-11.64	-12.97	-4.72	-13.02	-6.64	-4.50	-1.96
GU	-6.01	-5.57	-6.75	0.37	-8.18	-7.83	-0.51	-5.60	-6.71	1.16	-6.33	3.45
UA	-4.31	-5.46	-6.50	1.18	-3.39	-5.91	2.54	-4.47	-5.12	1.31	-6.86	-1.01	4.95
UC	-9.78	-8.11	-8.70	-5.57	-8.63	-8.74	-5.81	-4.18	-7.13	-4.73	-12.05	-5.33	-3.47	-3.57
UG	-6.58	-7.18	-5.94	-1.16	-5.57	-8.37	1.10	-7.52	-7.96	-0.27	-4.68	-2.28	0.84	-7.32	3.33
UU	-10.30	-6.60	-10.27	-3.65	-8.64	-6.00	-3.79	-4.59	-11.51	-3.44	-11.73	-4.95	-3.67	-4.02	-4.60	-0.34


BASE FREQUENCIES
2.56113e-01 2.19227e-01 2.92185e-01 2.32474e-01 

BASE PAIR FREQUENCIES
2.70592e-03 2.70375e-03 2.28403e-03 1.35930e-01 
1.91674e-03 1.53585e-03 2.54781e-01 2.95877e-03 
3.88926e-03 2.76632e-01 3.05093e-03 7.29344e-02 
1.59711e-01 1.25832e-03 7.36380e-02 4.06907e-03 


BASE MATCH FREQUENCIES
3.01656e-01 1.42914e-02 2.42260e-02 2.07320e-02 1.42914e-02 1.12702e-01 1.08462e-02 2.59151e-02 2.42260e-02 1.08462e-02 1.86499e-01 1.82915e-02 2.07320e-02 2.59151e-02 1.82915e-02 1.70538e-01 

BASE PAIR MATCH FREQUENCIES
1.82766e-03 5.24371e-06 1.31582e-05 1.31854e-04 1.08098e-05 1.43886e-07 9.86110e-05 8.92992e-07 8.75473e-06 9.92696e-05 4.79675e-06 6.90848e-05 1.96435e-04 3.80409e-06 4.65168e-05 2.81475e-06 
5.24371e-06 1.40481e-03 4.94151e-06 6.63793e-04 1.22525e-06 4.80313e-06 1.39987e-04 1.50077e-06 6.81191e-06 2.38639e-04 7.95687e-06 8.03412e-05 7.58471e-05 1.03744e-05 2.63171e-05 3.12587e-05 
1.31582e-05 4.94151e-06 1.22496e-03 6.95091e-05 1.24095e-06 2.28049e-07 1.37894e-04 1.15586e-05 1.54199e-05 9.54994e-05 1.82954e-04 4.71153e-05 4.90911e-05 9.17017e-06 8.30704e-05 3.27889e-06 
1.31854e-04 6.63793e-04 6.95091e-05 8.62875e-02 3.89140e-05 2.13169e-05 1.02041e-02 4.83217e-05 4.58227e-05 2.15109e-02 6.30605e-05 5.21887e-03 8.00452e-03 6.38874e-05 1.80628e-03 2.56578e-04 
1.08098e-05 1.22525e-06 1.24095e-06 3.89140e-05 8.45309e-04 1.92808e-06 4.05792e-04 1.02907e-05 7.84060e-06 5.18979e-05 1.50175e-06 1.31146e-05 3.19436e-04 7.24694e-06 8.02084e-05 7.62733e-06 
1.43886e-07 4.80313e-06 2.28049e-07 2.13169e-05 1.92808e-06 7.05831e-04 3.07888e-04 2.97112e-05 6.32640e-07 3.32517e-04 5.09725e-07 1.43198e-05 4.74430e-05 5.73760e-06 9.86009e-06 4.05229e-05 
9.86110e-05 1.39987e-04 1.37894e-04 1.02041e-02 4.05792e-04 3.07888e-04 1.91224e-01 1.37136e-04 2.18261e-04 1.63564e-02 2.08055e-04 3.06317e-03 2.21332e-02 5.83554e-05 9.33187e-03 2.51044e-04 
8.92992e-07 1.50077e-06 1.15586e-05 4.83217e-05 1.02907e-05 2.97112e-05 1.37136e-04 2.23322e-03 3.85556e-05 5.74135e-05 5.24224e-07 7.15887e-05 1.36654e-04 1.43782e-04 1.88761e-05 1.14094e-04 
8.75473e-06 6.81191e-06 1.54199e-05 4.58227e-05 7.84060e-06 6.32640e-07 2.18261e-04 3.85556e-05 2.82833e-03 2.77472e-04 6.38508e-05 4.83848e-05 1.28467e-04 2.71498e-05 2.04805e-05 1.38377e-06 
9.92696e-05 2.38639e-04 9.54994e-05 2.15109e-02 5.18979e-05 3.32517e-04 1.63564e-02 5.74135e-05 2.77472e-04 2.21141e-01 2.40853e-04 9.69693e-03 9.47723e-03 1.22770e-04 3.59909e-03 3.18843e-04 
4.79675e-06 7.95687e-06 1.82954e-04 6.30605e-05 1.50175e-06 5.09725e-07 2.08055e-04 5.24224e-07 6.38508e-05 2.40853e-04 1.87642e-03 7.21351e-05 4.36109e-05 1.02796e-06 2.26729e-04 1.36192e-06 
6.90848e-05 8.03412e-05 4.71153e-05 5.21887e-03 1.31146e-05 1.43198e-05 3.06317e-03 7.15887e-05 4.83848e-05 9.69693e-03 7.21351e-05 5.04598e-02 2.01103e-03 8.59454e-05 9.49386e-04 1.18756e-04 
1.96435e-04 7.58471e-05 4.90911e-05 8.00452e-03 3.19436e-04 4.74430e-05 2.21332e-02 1.36654e-04 1.28467e-04 9.47723e-03 4.36109e-05 2.01103e-03 1.09767e-01 2.74226e-04 7.25528e-03 2.52588e-04 
3.80409e-06 1.03744e-05 9.17017e-06 6.38874e-05 7.24694e-06 5.73760e-06 5.83554e-05 1.43782e-04 2.71498e-05 1.22770e-04 1.02796e-06 8.59454e-05 2.74226e-04 2.19337e-04 2.16360e-05 1.69626e-04 
4.65168e-05 2.63171e-05 8.30704e-05 1.80628e-03 8.02084e-05 9.86009e-06 9.33187e-03 1.88761e-05 2.04805e-05 3.59909e-03 2.26729e-04 9.49386e-04 7.25528e-03 2.16360e-05 4.63076e-02 1.51727e-04 
2.81475e-06 3.12587e-05 3.27889e-06 2.56578e-04 7.62733e-06 4.05229e-05 2.51044e-04 1.14094e-04 1.38377e-06 3.18843e-04 1.36192e-06 1.18756e-04 2.52588e-04 1.69626e-04 1.51727e-04 2.31209e-03 

