RIBOSUM

	A	C	G	U
A	2.22
C	-1.82	1.16
G	-1.50	-2.31	1.05
U	-1.40	-0.98	-1.73	1.64


	AA	AC	AG	AU	CA	CC	CG	CU	GA	GC	GG	GU	UA	UC	UG	UU
AA	-1.92
AC	-9.08	-1.73
AG	-8.70	-9.58	-1.64
AU	-5.25	-2.59	-5.99	4.57
CA	-10.21	-11.20	-11.17	-6.33	-2.47
CC	-13.85	-9.83	-13.77	-6.79	-10.84	-2.51
CG	-5.37	-6.03	-4.75	1.54	-3.67	-5.09	5.48
CU	-11.76	-10.16	-8.12	-5.60	-7.99	-6.31	-4.81	-0.91
GA	-8.61	-8.51	-7.89	-6.46	-8.62	-11.96	-3.98	-6.50	-0.89
GC	-5.32	-3.61	-5.54	2.51	-6.04	-4.24	1.99	-6.29	-3.96	5.68
GG	-9.45	-8.64	-5.54	-6.39	-11.53	-13.07	-4.62	-12.59	-6.34	-4.04	-2.00
GU	-6.80	-4.84	-6.85	0.31	-7.96	-8.20	-0.49	-5.77	-6.46	1.11	-5.95	3.46
UA	-4.05	-6.17	-6.48	1.40	-3.17	-6.99	2.59	-4.20	-5.33	1.38	-6.48	-0.90	5.00
UC	-11.61	-8.73	-8.27	-6.01	-8.51	-8.49	-5.80	-4.15	-6.51	-4.75	-12.26	-5.29	-2.93	-3.61
UG	-6.46	-7.27	-5.99	-0.92	-6.40	-8.61	1.07	-7.63	-7.61	-0.21	-4.65	-2.29	0.82	-5.53	3.31
UU	-10.10	-7.63	-10.15	-3.91	-8.55	-6.97	-3.80	-4.75	-11.47	-4.06	-11.37	-4.27	-3.63	-5.22	-4.42	-0.22


BASE FREQUENCIES
2.53027e-01 2.21821e-01 2.98312e-01 2.26841e-01 

BASE PAIR FREQUENCIES
2.13809e-03 2.06566e-03 2.79936e-03 1.31765e-01 
1.58243e-03 9.58559e-04 2.59252e-01 2.41806e-03 
4.21005e-03 2.79449e-01 3.09179e-03 7.46214e-02 
1.55711e-01 1.30199e-03 7.47085e-02 3.92713e-03 


BASE MATCH FREQUENCIES
2.98114e-01 1.59052e-02 2.67619e-02 2.16965e-02 1.59052e-02 1.09710e-01 1.33234e-02 2.54762e-02 2.67619e-02 1.33234e-02 1.84289e-01 2.03812e-02 2.16965e-02 2.54762e-02 2.03812e-02 1.60798e-01 

BASE PAIR MATCH FREQUENCIES
1.08477e-03 6.64445e-06 1.15800e-05 9.62497e-05 3.02736e-06 2.13283e-07 1.02576e-04 9.30998e-07 1.23677e-05 1.06153e-04 8.14967e-06 3.89926e-05 2.22127e-04 1.02948e-06 4.92329e-05 2.99244e-06 
6.64445e-06 9.49702e-04 5.53562e-06 5.35516e-04 1.33820e-06 3.04057e-06 5.69379e-05 2.46507e-06 1.16390e-05 3.03525e-04 1.24773e-05 1.33037e-04 4.46654e-05 6.66974e-06 2.45491e-05 1.45919e-05 
1.15800e-05 5.53562e-06 1.83076e-03 6.80593e-05 1.84125e-06 2.65501e-07 1.85795e-04 1.36251e-05 2.40414e-05 1.07295e-04 1.43908e-04 4.42870e-05 4.85327e-05 1.23431e-05 8.04581e-05 3.41178e-06 
9.62497e-05 5.35516e-04 6.80593e-05 7.83807e-02 3.99346e-05 2.56013e-05 1.10183e-02 5.95242e-05 4.91596e-05 2.15958e-02 6.07815e-05 4.81940e-03 8.70058e-03 4.48425e-05 2.05743e-03 1.96699e-04 
3.02736e-06 1.33820e-06 1.84125e-06 3.99346e-05 5.68069e-04 1.50575e-06 2.92156e-04 1.11347e-05 1.07723e-05 5.64878e-05 1.68872e-06 1.52056e-05 3.57722e-04 7.74916e-06 4.48790e-05 7.69912e-06 
2.13283e-07 3.04057e-06 2.65501e-07 2.56013e-05 1.50575e-06 4.24396e-04 9.53746e-05 3.11194e-05 9.30074e-07 1.72714e-04 5.07791e-07 1.13118e-05 2.21856e-05 6.87951e-06 8.53307e-06 2.01269e-05 
1.02576e-04 5.69379e-05 1.85795e-04 1.10183e-02 2.92156e-04 9.53746e-05 1.95775e-01 1.18755e-04 3.16052e-04 1.73667e-02 2.40208e-04 3.18173e-03 2.29419e-02 5.98200e-05 9.38882e-03 2.43972e-04 
9.30998e-07 2.46507e-06 1.36251e-05 5.95242e-05 1.11347e-05 3.11194e-05 1.18755e-04 1.34457e-03 4.18676e-05 4.26530e-05 7.24844e-07 6.23929e-05 1.57538e-04 1.43077e-04 1.72454e-05 9.60301e-05 
1.23677e-05 1.16390e-05 2.40414e-05 4.91596e-05 1.07723e-05 9.30074e-07 3.16052e-04 4.18676e-05 3.07826e-03 3.20986e-04 8.28791e-05 5.80468e-05 1.07412e-04 4.17362e-05 2.60700e-05 1.36512e-06 
1.06153e-04 3.03525e-04 1.07295e-04 2.15958e-02 5.64878e-05 1.72714e-04 1.73667e-02 4.26530e-05 3.20986e-04 2.24771e-01 3.57487e-04 9.64165e-03 9.88425e-03 1.23754e-04 3.87133e-03 2.03786e-04 
8.14967e-06 1.24773e-05 1.43908e-04 6.07815e-05 1.68872e-06 5.07791e-07 2.40208e-04 7.24844e-07 8.28791e-05 3.57487e-04 1.98001e-03 9.71543e-05 5.71550e-05 9.11839e-07 2.39086e-04 1.72686e-06 
3.89926e-05 1.33037e-04 4.42870e-05 4.81940e-03 1.52056e-05 1.13118e-05 3.18173e-03 6.23929e-05 5.80468e-05 9.64165e-03 9.71543e-05 5.05292e-02 2.07601e-03 8.72757e-05 9.39147e-04 1.80637e-04 
2.22127e-04 4.46654e-05 4.85327e-05 8.70058e-03 3.57722e-04 2.21856e-05 2.29419e-02 1.57538e-04 1.07412e-04 9.88425e-03 5.71550e-05 2.07601e-03 1.05432e-01 3.79912e-04 6.87500e-03 2.37872e-04 
1.02948e-06 6.66974e-06 1.23431e-05 4.48425e-05 7.74916e-06 6.87951e-06 5.98200e-05 1.43077e-04 4.17362e-05 1.23754e-04 9.11839e-07 8.72757e-05 3.79912e-04 2.07324e-04 7.38644e-05 6.96679e-05 
4.92329e-05 2.45491e-05 8.04581e-05 2.05743e-03 4.48790e-05 8.53307e-06 9.38882e-03 1.72454e-05 2.60700e-05 3.87133e-03 2.39086e-04 9.39147e-04 6.87500e-03 7.38644e-05 4.53427e-02 1.62110e-04 
2.99244e-06 1.45919e-05 3.41178e-06 1.96699e-04 7.69912e-06 2.01269e-05 2.43972e-04 9.60301e-05 1.36512e-06 2.03786e-04 1.72686e-06 1.80637e-04 2.37872e-04 6.96679e-05 1.62110e-04 2.27140e-03 

