RIBOSUM

	A	C	G	U
A	2.42
C	-5.07	1.76
G	-4.81	-5.78	1.46
U	-4.51	-2.99	-5.07	2.03


	AA	AC	AG	AU	CA	CC	CG	CU	GA	GC	GG	GU	UA	UC	UG	UU
AA	0.21
AC	-9.11	-0.61
AG	-8.62	-9.36	-1.12
AU	-6.96	-6.32	-8.85	5.32
CA	-8.98	-11.98	-10.68	-11.03	-0.77
CC	-17.95	-9.61	-13.54	-10.30	-10.60	-0.61
CG	-8.85	-9.21	-4.95	-3.25	-4.57	-6.04	5.92
CU	-14.98	-15.00	-12.81	-7.44	-12.29	-10.01	-6.15	0.32
GA	-10.82	-14.38	-10.21	-10.08	-11.10	-16.83	-11.68	-inf	-0.68
GC	-9.42	-4.02	-9.89	-1.14	-10.97	-5.56	-3.15	-9.96	-6.63	6.02
GG	-13.09	-11.41	-8.63	-10.15	-12.31	-15.06	-6.69	-15.26	-10.37	-4.12	-2.06
GU	-10.22	-7.36	-11.37	-2.12	-12.29	-9.71	-5.04	-6.85	-7.92	-0.72	-6.21	3.86
UA	-8.34	-10.95	-10.76	-3.96	-4.14	-9.49	-1.00	-10.05	-8.55	-3.88	-9.50	-5.73	5.39
UC	-12.67	-9.29	-13.95	-11.02	-12.49	-8.54	-8.70	-9.92	-16.51	-5.06	-11.86	-8.51	-6.81	-1.06
UG	-10.54	-11.48	-7.99	-5.38	-7.93	-11.32	-1.05	-10.76	-10.22	-5.05	-6.13	-6.53	-2.31	-8.16	3.88
UU	-16.87	-11.38	-14.39	-6.79	-10.95	-9.97	-7.42	-9.68	-15.93	-7.44	-13.70	-6.12	-5.61	-5.99	-6.88	0.30


BASE FREQUENCIES
2.49562e-01 2.22684e-01 2.86097e-01 2.41656e-01 

BASE PAIR FREQUENCIES
4.67384e-03 2.34060e-03 2.59654e-03 1.48480e-01 
2.20096e-03 1.76610e-03 2.50905e-01 3.71036e-03 
3.27683e-03 2.67932e-01 2.15414e-03 7.34113e-02 
1.56029e-01 1.64956e-03 7.43770e-02 4.49680e-03 


BASE MATCH FREQUENCIES
3.33671e-01 1.65487e-03 2.53957e-03 2.65169e-03 1.65487e-03 1.67973e-01 1.15998e-03 6.79554e-03 2.53957e-03 1.15998e-03 2.25944e-01 2.06019e-03 2.65169e-03 6.79554e-03 2.06019e-03 2.38689e-01 

BASE PAIR MATCH FREQUENCIES
4.47248e-03 6.24505e-06 1.12697e-05 3.02605e-05 6.87504e-06 1.21736e-08 8.57021e-06 1.03476e-07 2.45907e-06 5.78246e-06 5.84332e-07 3.60947e-06 1.16166e-05 5.14334e-07 2.88514e-06 3.04340e-08 
6.24505e-06 2.02090e-03 6.03810e-06 4.18498e-05 7.66936e-07 3.52730e-06 5.96810e-06 9.13019e-08 1.85647e-07 2.18135e-04 1.67083e-06 2.33297e-05 1.69213e-06 4.78422e-06 1.34823e-06 1.21736e-06 
1.12697e-05 6.03810e-06 2.33819e-03 9.35540e-06 2.41950e-06 2.98253e-07 1.46850e-04 5.35638e-07 4.31554e-06 4.80857e-06 1.47027e-05 1.86865e-06 2.48646e-06 2.43472e-07 1.93609e-05 1.94777e-07 
3.02605e-05 4.18498e-05 9.35540e-06 1.45069e-01 1.60083e-06 2.37689e-06 4.04231e-04 1.87291e-05 3.96555e-06 1.74697e-03 4.33684e-06 9.59745e-04 2.34193e-04 1.56735e-06 1.00095e-04 3.18093e-05 
6.87504e-06 7.66936e-07 2.41950e-06 1.60083e-06 1.81349e-03 1.77430e-06 1.49425e-04 5.96506e-07 1.81387e-06 1.75908e-06 8.97802e-07 7.66936e-07 1.90055e-04 5.20421e-07 1.58044e-05 1.63735e-06 
1.21736e-08 3.52730e-06 2.98253e-07 2.37689e-06 1.77430e-06 1.61434e-03 4.79274e-05 2.58080e-06 3.04340e-08 6.70871e-05 1.18693e-07 4.10098e-06 4.15728e-06 7.18698e-06 1.33910e-06 2.88818e-06 
8.57021e-06 5.96810e-06 1.46850e-04 4.04231e-04 1.49425e-04 4.79274e-05 2.45400e-01 4.82105e-05 1.38475e-06 4.56189e-04 5.06714e-05 1.33839e-04 1.92262e-03 8.26587e-06 2.12376e-03 2.17045e-05 
1.03476e-07 9.13019e-08 5.35638e-07 1.87291e-05 5.96506e-07 2.58080e-06 4.82105e-05 3.61933e-03 0.00000e+00 3.44208e-06 1.12606e-07 3.21961e-05 3.07079e-06 2.99470e-06 2.14255e-06 3.83772e-06 
2.45907e-06 1.85647e-07 4.31554e-06 3.96555e-06 1.81387e-06 3.04340e-08 1.38475e-06 0.00000e+00 3.19255e-03 4.58457e-05 4.41597e-06 2.04379e-05 1.15162e-05 4.10859e-08 4.12837e-06 6.69548e-08 
5.78246e-06 2.18135e-04 4.80857e-06 1.74697e-03 1.75908e-06 6.70871e-05 4.56189e-04 3.44208e-06 4.58457e-05 2.62747e-01 3.00926e-04 2.68072e-03 2.60633e-04 1.03124e-04 1.32585e-04 2.13738e-05 
5.84332e-07 1.67083e-06 1.47027e-05 4.33684e-06 8.97802e-07 1.18693e-07 5.06714e-05 1.12606e-07 4.41597e-06 3.00926e-04 1.60223e-03 7.63223e-05 6.83243e-06 1.18693e-06 8.08250e-05 3.59121e-07 
3.60947e-06 2.33297e-05 1.86865e-06 9.59745e-04 7.66936e-07 4.10098e-06 1.33839e-04 3.21961e-05 2.04379e-05 2.68072e-03 7.63223e-05 6.92459e-02 7.85832e-05 1.01847e-05 5.18899e-05 5.81033e-05 
1.16166e-05 1.69213e-06 2.48646e-06 2.34193e-04 1.90055e-04 4.15728e-06 1.92262e-03 3.07079e-06 1.15162e-05 2.60633e-04 6.83243e-06 7.85832e-05 1.52179e-01 2.89792e-05 8.42043e-04 7.22569e-05 
5.14334e-07 4.78422e-06 2.43472e-07 1.56735e-06 5.20421e-07 7.18698e-06 8.26587e-06 2.99470e-06 4.10859e-08 1.03124e-04 1.18693e-06 1.01847e-05 2.89792e-05 1.38513e-03 1.30075e-05 4.95541e-05 
2.88514e-06 1.34823e-06 1.93609e-05 1.00095e-04 1.58044e-05 1.33910e-06 2.12376e-03 2.14255e-06 4.12837e-06 1.32585e-04 8.08250e-05 5.18899e-05 8.42043e-04 1.30075e-05 7.02518e-02 3.43630e-05 
3.04340e-08 1.21736e-06 1.94777e-07 3.18093e-05 1.63735e-06 2.88818e-06 2.17045e-05 3.83772e-06 6.69548e-08 2.13738e-05 3.59121e-07 5.81033e-05 7.22569e-05 4.95541e-05 3.43630e-05 4.19779e-03 

