RIBOSUM

	A	C	G	U
A	2.02
C	-1.57	1.13
G	-1.24	-2.16	1.06
U	-1.11	-0.78	-1.53	1.47


	AA	AC	AG	AU	CA	CC	CG	CU	GA	GC	GG	GU	UA	UC	UG	UU
AA	-1.61
AC	-7.98	-1.15
AG	-7.80	-10.67	-3.67
AU	-4.03	-2.18	-5.47	4.35
CA	-7.75	-11.52	-9.67	-4.61	-1.96
CC	-12.71	-7.24	-14.38	-5.08	-11.14	-2.30
CG	-4.05	-4.30	-4.25	1.73	-2.93	-2.78	5.51
CU	-12.35	-10.33	-9.32	-5.27	-8.66	-6.50	-3.91	-0.47
GA	-9.80	-10.87	-8.34	-5.50	-9.42	-12.87	-4.65	-7.64	-1.30
GC	-4.78	-3.77	-5.05	2.85	-5.76	-2.50	2.47	-4.64	-3.98	5.76
GG	-10.64	-10.26	-4.78	-5.12	-12.04	-12.63	-4.73	-12.83	-5.81	-4.37	-1.97
GU	-4.77	-4.67	-5.65	0.65	-8.18	-7.26	-0.10	-4.75	-7.21	1.48	-6.54	3.23
UA	-3.36	-4.80	-4.95	1.51	-3.06	-5.71	2.83	-4.38	-4.13	1.74	-6.42	-0.64	4.70
UC	-11.01	-6.93	-9.23	-5.08	-9.31	-8.75	-4.94	-4.60	-7.59	-3.99	-10.41	-5.46	-3.52	-4.10
UG	-5.48	-7.30	-5.80	-0.93	-4.15	-7.93	1.17	-5.63	-6.66	-0.02	-5.04	-2.02	1.05	-7.06	3.16
UU	-9.84	-5.96	-11.46	-3.18	-8.28	-5.34	-3.20	-4.73	-11.12	-2.98	-11.32	-4.07	-3.30	-3.78	-3.95	-0.93


BASE FREQUENCIES
2.62748e-01 2.14373e-01 2.85115e-01 2.37764e-01 

BASE PAIR FREQUENCIES
3.22817e-03 3.11229e-03 2.16908e-03 1.43972e-01 
2.19184e-03 1.58604e-03 2.47161e-01 2.85954e-03 
3.61931e-03 2.70904e-01 2.97211e-03 7.07530e-02 
1.67180e-01 1.33826e-03 7.27245e-02 4.22889e-03 


BASE MATCH FREQUENCIES
2.80963e-01 1.90178e-02 3.18019e-02 2.88656e-02 1.90178e-02 1.00541e-01 1.36937e-02 2.97673e-02 3.18019e-02 1.36937e-02 1.69037e-01 2.34284e-02 2.88656e-02 2.97673e-02 2.34284e-02 1.56310e-01 

BASE PAIR MATCH FREQUENCIES
1.56506e-03 1.53787e-05 2.32383e-05 2.64630e-04 1.80712e-05 4.74764e-07 2.54219e-04 6.74393e-07 5.80873e-06 1.53578e-04 3.50779e-06 1.71154e-04 4.20924e-04 1.70884e-06 1.05143e-04 4.26967e-06 
1.53787e-05 1.42683e-03 2.59221e-06 7.74592e-04 1.08327e-06 1.70769e-05 1.74661e-04 2.23493e-06 2.26108e-06 2.52710e-04 3.73274e-06 1.49695e-04 1.26639e-04 2.35860e-05 2.42027e-05 5.10506e-05 
2.32383e-05 2.59221e-06 4.42050e-04 1.05908e-04 5.17706e-06 1.61419e-07 2.40958e-04 5.98169e-06 1.73497e-05 1.38269e-04 2.20954e-04 1.01427e-04 1.50970e-04 6.38011e-06 9.09157e-05 1.50226e-06 
2.64630e-04 7.74592e-04 1.05908e-04 7.98351e-02 1.43687e-04 8.47375e-05 1.26362e-02 8.26961e-05 1.03509e-04 2.74576e-02 1.45588e-04 6.66421e-03 1.10807e-02 9.43515e-05 2.21566e-03 3.90861e-04 
1.80712e-05 1.08327e-06 5.17706e-06 1.43687e-04 8.16678e-04 1.14791e-06 4.51627e-04 7.08536e-06 6.14617e-06 6.36241e-05 1.08361e-06 1.31593e-05 4.22866e-04 4.51854e-06 2.15049e-04 1.02271e-05 
4.74764e-07 1.70769e-05 1.61419e-07 8.47375e-05 1.14791e-06 4.28920e-04 4.07783e-04 2.58797e-05 4.60818e-07 4.95334e-04 5.89089e-07 2.03632e-05 5.48717e-05 5.44760e-06 1.27542e-05 6.43104e-05 
2.54219e-04 1.74661e-04 2.40958e-04 1.26362e-02 4.51627e-04 4.07783e-04 1.70591e-01 2.07532e-04 1.82816e-04 2.07178e-02 1.87140e-04 3.86975e-03 2.70951e-02 1.01235e-04 9.33216e-03 3.76937e-04 
6.74393e-07 2.23493e-06 5.98169e-06 8.26961e-05 7.08536e-06 2.58797e-05 2.07532e-04 1.87841e-03 1.91903e-05 1.24678e-04 5.69544e-07 1.28157e-04 1.53132e-04 1.06758e-04 6.98544e-05 1.08424e-04 
5.80873e-06 2.26108e-06 1.73497e-05 1.03509e-04 6.14617e-06 4.60818e-07 1.82816e-04 1.91903e-05 2.27377e-03 2.91142e-04 1.08220e-04 3.42118e-05 2.67225e-04 1.98306e-05 5.00943e-05 1.89872e-06 
1.53578e-04 2.52710e-04 1.38269e-04 2.74576e-02 6.36241e-05 4.95334e-04 2.07178e-02 1.24678e-04 2.91142e-04 2.02200e-01 2.40682e-04 1.15256e-02 1.27725e-02 1.96629e-04 4.09619e-03 4.37088e-04 
3.50779e-06 3.73274e-06 2.20954e-04 1.45588e-04 1.08361e-06 5.89089e-07 1.87140e-04 5.69544e-07 1.08220e-04 2.40682e-04 1.68944e-03 5.92114e-05 5.93644e-05 3.03964e-06 1.67377e-04 1.80013e-06 
1.71154e-04 1.49695e-04 1.01427e-04 6.66421e-03 1.31593e-05 2.03632e-05 3.86975e-03 1.28157e-04 3.42118e-05 1.15256e-02 5.92114e-05 4.32072e-02 2.71355e-03 7.84010e-05 1.12996e-03 2.28848e-04 
4.20924e-04 1.26639e-04 1.50970e-04 1.10807e-02 4.22866e-04 5.48717e-05 2.70951e-02 1.53132e-04 2.67225e-04 1.27725e-02 5.93644e-05 2.71355e-03 1.01410e-01 2.76627e-04 8.78750e-03 3.57926e-04 
1.70884e-06 2.35860e-05 6.38011e-06 9.43515e-05 4.51854e-06 5.44760e-06 1.01235e-04 1.06758e-04 1.98306e-05 1.96629e-04 3.03964e-06 7.84010e-05 2.76627e-04 1.51186e-04 2.59356e-05 2.09776e-04 
1.05143e-04 2.42027e-05 9.09157e-05 2.21566e-03 2.15049e-04 1.27542e-05 9.33216e-03 6.98544e-05 5.00943e-05 4.09619e-03 1.67377e-04 1.12996e-03 8.78750e-03 2.59356e-05 4.10341e-02 2.48185e-04 
4.26967e-06 5.10506e-05 1.50226e-06 3.90861e-04 1.02271e-05 6.43104e-05 3.76937e-04 1.08424e-04 1.89872e-06 4.37088e-04 1.80013e-06 2.28848e-04 3.57926e-04 2.09776e-04 2.48185e-04 1.67280e-03 

