RIBOSUM

	A	C	G	U
A	1.41
C	-0.65	0.84
G	-0.48	-1.04	0.78
U	-0.54	-0.35	-0.76	0.82


	AA	AC	AG	AU	CA	CC	CG	CU	GA	GC	GG	GU	UA	UC	UG	UU
AA	-3.69
AC	-5.99	-1.72
AG	-10.37	-11.22	-4.40
AU	-4.41	-1.79	-4.88	3.70
CA	-10.72	-10.98	-11.49	-5.45	-3.40
CC	-9.95	-5.70	-12.61	-3.03	-11.57	-3.92
CG	-3.35	-3.86	-2.25	2.38	-1.92	-4.51	5.41
CU	-11.39	-8.16	-6.56	-3.29	-8.30	-4.58	-3.05	-1.53
GA	-7.68	-9.62	-9.65	-3.67	-6.39	-10.24	-4.51	-6.16	-2.70
GC	-3.68	-3.01	-4.33	3.27	-3.80	-2.56	3.23	-2.30	-1.69	5.71
GG	-11.11	-10.98	-4.66	-4.57	-11.52	-11.73	-4.34	-7.22	-7.62	-3.96	-2.69
GU	-5.48	-3.57	-6.15	0.85	-6.91	-5.85	0.82	-3.75	-5.53	1.87	-4.81	2.85
UA	-3.15	-4.05	-2.90	1.95	-2.94	-4.04	3.37	-3.22	-3.55	2.44	-5.21	0.20	4.11
UC	-11.10	-9.22	-9.46	-4.66	-9.75	-7.00	-4.12	-5.45	-7.66	-2.92	-8.44	-4.93	-3.13	-5.45
UG	-3.56	-5.23	-5.72	-0.43	-5.93	-6.35	1.62	-5.12	-7.61	0.64	-5.00	-1.00	1.01	-3.98	2.86
UU	-9.81	-7.01	-10.35	-3.34	-8.59	-6.49	-1.76	-5.23	-11.01	-2.50	-10.39	-3.05	-1.79	-6.26	-2.98	-1.73


BASE FREQUENCIES
2.76902e-01 2.01982e-01 2.67477e-01 2.53639e-01 

BASE PAIR FREQUENCIES
3.06514e-03 2.94565e-03 2.69837e-03 1.64225e-01 
2.36570e-03 1.26354e-03 2.24047e-01 3.39449e-03 
3.83685e-03 2.49311e-01 2.45392e-03 7.29602e-02 
1.85673e-01 1.68167e-03 7.45656e-02 5.51260e-03 


BASE MATCH FREQUENCIES
2.03260e-01 3.55861e-02 5.32293e-02 4.82394e-02 3.55861e-02 7.31546e-02 2.62113e-02 4.03203e-02 5.32293e-02 2.62113e-02 1.22608e-01 3.99376e-02 4.82394e-02 4.03203e-02 3.99376e-02 1.13929e-01 

BASE PAIR MATCH FREQUENCIES
4.54339e-04 6.76187e-05 4.27890e-06 2.53644e-04 2.54847e-06 3.16511e-06 4.05011e-04 1.46446e-06 2.77497e-05 3.22671e-04 2.48652e-06 1.16558e-04 6.08670e-04 1.78569e-06 4.39625e-04 5.48724e-06 
6.76187e-05 9.47487e-04 1.74116e-06 1.13973e-03 1.55087e-06 4.38595e-05 2.07667e-04 9.98852e-06 5.28107e-06 3.75077e-04 1.98316e-06 3.18490e-04 2.37497e-04 4.81023e-06 1.00814e-04 2.80025e-05 
4.27890e-06 1.74116e-06 2.60228e-04 1.76561e-04 1.43631e-06 4.83615e-07 8.41851e-04 4.02528e-05 6.80593e-06 1.99634e-04 2.09332e-04 7.05909e-05 6.98813e-04 5.36930e-06 9.51746e-05 3.64273e-06 
2.53644e-04 1.13973e-03 1.76561e-04 6.41219e-02 9.00774e-05 3.51222e-04 1.97793e-02 3.69000e-04 4.08177e-04 3.65645e-02 2.11375e-04 8.57875e-03 1.90378e-02 1.42813e-04 3.54396e-03 4.44819e-04 
2.54847e-06 1.55087e-06 1.43631e-06 9.00774e-05 2.97099e-04 7.48082e-07 7.98740e-04 9.06195e-06 4.94050e-05 2.16591e-04 1.35950e-06 3.15292e-05 5.13186e-04 3.33714e-06 6.21980e-05 9.30577e-06 
3.16511e-06 4.38595e-05 4.83615e-07 3.51222e-04 7.48082e-07 1.10286e-04 9.65148e-05 8.74498e-05 2.49047e-06 3.73366e-04 8.61521e-07 4.78721e-05 1.74113e-04 1.63038e-05 3.38831e-05 2.92133e-05 
4.05011e-04 2.07667e-04 8.41851e-04 1.97793e-02 7.98740e-04 9.65148e-05 1.23686e-01 3.33068e-04 1.75835e-04 2.74029e-02 1.90617e-04 6.46791e-03 3.93321e-02 1.59672e-04 1.12901e-02 1.02417e-03 
1.46446e-06 9.98852e-06 4.02528e-05 3.69000e-04 9.06195e-06 8.74498e-05 3.33068e-04 9.06811e-04 5.30109e-05 5.60632e-04 2.45921e-05 2.58950e-04 3.86782e-04 5.99587e-05 9.98005e-05 8.77122e-05 
2.77497e-05 5.28107e-06 6.80593e-06 4.08177e-04 4.94050e-05 2.49047e-06 1.75835e-04 5.30109e-05 8.44785e-04 1.24071e-03 2.69344e-05 1.09048e-04 4.44001e-04 1.87125e-05 2.57057e-05 2.30693e-06 
3.22671e-04 3.75077e-04 1.99634e-04 3.65645e-02 2.16591e-04 3.73366e-04 2.74029e-02 5.60632e-04 1.24071e-03 1.52877e-01 2.47552e-04 1.34351e-02 2.05876e-02 3.64539e-04 5.70986e-03 6.14987e-04 
2.48652e-06 1.98316e-06 2.09332e-04 2.11375e-04 1.35950e-06 8.61521e-07 1.90617e-04 2.45921e-05 2.69344e-05 2.47552e-04 7.92877e-04 1.72715e-04 1.35469e-04 1.05650e-05 1.51445e-04 3.42069e-06 
1.16558e-04 3.18490e-04 7.05909e-05 8.57875e-03 3.15292e-05 4.78721e-05 6.46791e-03 2.58950e-04 1.09048e-04 1.34351e-02 1.72715e-04 3.32600e-02 5.45949e-03 1.13653e-04 2.30805e-03 5.27590e-04 
6.08670e-04 2.37497e-04 6.98813e-04 1.90378e-02 5.13186e-04 1.74113e-04 3.93321e-02 3.86782e-04 4.44001e-04 2.05876e-02 1.35469e-04 5.45949e-03 8.49659e-02 4.11758e-04 9.56586e-03 1.30941e-03 
1.78569e-06 4.81023e-06 5.36930e-06 1.42813e-04 3.33714e-06 1.63038e-05 1.59672e-04 5.99587e-05 1.87125e-05 3.64539e-04 1.05650e-05 1.13653e-04 4.11758e-04 6.00296e-05 2.20452e-04 4.28726e-05 
4.39625e-04 1.00814e-04 9.51746e-05 3.54396e-03 6.21980e-05 3.38831e-05 1.12901e-02 9.98005e-05 2.57057e-05 5.70986e-03 1.51445e-04 2.30805e-03 9.56586e-03 2.20452e-04 3.33898e-02 5.52802e-04 
5.48724e-06 2.80025e-05 3.64273e-06 4.44819e-04 9.30577e-06 2.92133e-05 1.02417e-03 8.77122e-05 2.30693e-06 6.14987e-04 3.42069e-06 5.27590e-04 1.30941e-03 4.28726e-05 5.52802e-04 1.24758e-03 

