RIBOSUM

	A	C	G	U
A	2.39
C	-4.43	1.67
G	-3.84	-4.87	1.42
U	-3.58	-2.90	-4.20	1.99


	AA	AC	AG	AU	CA	CC	CG	CU	GA	GC	GG	GU	UA	UC	UG	UU
AA	-1.10
AC	-9.16	-0.61
AG	-7.64	-9.41	-1.16
AU	-5.44	-4.99	-7.92	5.16
CA	-9.59	-12.35	-12.24	-7.16	-1.32
CC	-15.60	-10.07	-15.98	-9.60	-10.68	-1.50
CG	-7.47	-9.14	-6.00	-2.06	-4.46	-5.54	5.96
CU	-12.82	-15.16	-14.13	-6.38	-9.36	-7.80	-5.83	-0.07
GA	-9.34	-13.15	-9.97	-10.27	-9.29	-16.06	-9.45	-17.62	-0.53
GC	-7.09	-4.41	-8.32	-0.03	-8.40	-5.31	-1.61	-8.35	-6.70	6.11
GG	-10.53	-9.62	-7.49	-9.12	-11.74	-15.36	-6.23	-16.07	-8.80	-5.62	-1.30
GU	-8.79	-7.07	-9.25	-1.06	-8.72	-9.93	-3.36	-6.79	-7.64	-0.38	-7.00	3.85
UA	-5.97	-7.58	-8.89	-1.94	-4.40	-9.60	0.04	-8.38	-7.02	-2.51	-9.49	-4.13	5.38
UC	-13.35	-9.04	-10.98	-8.87	-13.51	-8.05	-8.25	-6.56	-15.27	-5.38	-11.89	-7.82	-5.65	-1.19
UG	-9.16	-9.51	-7.41	-3.96	-6.92	-11.24	-0.36	-9.56	-10.30	-3.70	-7.14	-4.84	-1.07	-7.56	3.82
UU	-12.02	-9.89	-10.84	-4.40	-9.81	-10.80	-6.48	-7.33	-16.69	-7.16	-13.72	-5.43	-4.70	-5.86	-5.90	0.24


BASE FREQUENCIES
2.63038e-01 2.13596e-01 2.88132e-01 2.35234e-01 

BASE PAIR FREQUENCIES
2.61816e-03 2.44518e-03 2.86841e-03 1.45999e-01 
1.73741e-03 9.44056e-04 2.46419e-01 2.61842e-03 
4.15838e-03 2.68515e-01 3.15750e-03 7.26706e-02 
1.67686e-01 1.40488e-03 7.24286e-02 4.32937e-03 


BASE MATCH FREQUENCIES
3.62164e-01 2.59812e-03 5.29070e-03 5.15901e-03 2.59812e-03 1.45336e-01 2.10807e-03 6.75230e-03 5.29070e-03 2.10807e-03 2.22067e-01 3.67667e-03 5.15901e-03 6.75230e-03 3.67667e-03 2.19264e-01 

BASE PAIR MATCH FREQUENCIES
2.23469e-03 6.78483e-06 2.62756e-05 9.86069e-05 5.04673e-06 6.34179e-08 2.40289e-05 4.82148e-07 8.06869e-06 3.12399e-05 3.88424e-06 1.06158e-05 6.82479e-05 3.33435e-07 8.18892e-06 9.23273e-07 
6.78483e-06 2.07111e-03 6.26325e-06 1.09143e-04 6.04283e-07 2.39005e-06 6.11251e-06 7.72031e-08 4.68407e-07 1.62289e-04 5.94018e-06 2.83572e-05 1.82270e-05 5.37799e-06 5.20953e-06 3.26682e-06 
2.62756e-05 6.26325e-06 2.56302e-03 1.94145e-05 8.80074e-07 5.33278e-08 7.29317e-05 2.12740e-07 5.74082e-06 1.46266e-05 3.49217e-05 8.43828e-06 9.90267e-06 1.88397e-06 3.02414e-05 2.28325e-06 
9.86069e-05 1.09143e-04 1.94145e-05 1.37060e-01 2.42519e-05 3.63094e-06 9.10524e-04 3.73753e-05 3.80291e-06 3.73680e-03 9.21237e-06 2.01295e-03 9.94644e-04 6.62508e-06 2.68894e-04 1.62623e-04 
5.04673e-06 6.04283e-07 8.80074e-07 2.42519e-05 1.26432e-03 1.55966e-06 1.57437e-04 4.28860e-06 6.81059e-06 1.02693e-05 1.36696e-06 9.00549e-06 1.64794e-04 2.41164e-07 3.15041e-05 3.46709e-06 
6.34179e-08 2.39005e-06 5.33278e-08 3.63094e-06 1.55966e-06 7.36098e-04 6.05302e-05 1.02611e-05 5.06023e-08 7.07988e-05 9.03449e-08 3.18059e-06 3.64201e-06 8.64745e-06 1.27699e-06 1.41479e-06 
2.40289e-05 6.11251e-06 7.29317e-05 9.10524e-04 1.57437e-04 6.05302e-05 2.36383e-01 5.43766e-05 6.66089e-06 1.24064e-03 6.80911e-05 4.05054e-04 3.92823e-03 1.01737e-05 3.26102e-03 3.82383e-05 
4.82148e-07 7.72031e-08 2.12740e-07 3.73753e-05 4.28860e-06 1.02611e-05 5.43766e-05 2.41018e-03 1.88660e-08 9.48640e-06 6.06841e-08 3.08315e-05 9.34069e-06 2.67919e-05 4.51538e-06 1.72880e-05 
8.06869e-06 4.68407e-07 5.74082e-06 3.80291e-06 6.81059e-06 5.06023e-08 6.66089e-06 1.88660e-08 3.99060e-03 4.49956e-05 1.41410e-05 2.57826e-05 3.61092e-05 9.61524e-08 4.06722e-06 3.96847e-08 
3.12399e-05 1.62289e-04 1.46266e-05 3.73680e-03 1.02693e-05 7.07988e-05 1.24064e-03 9.48640e-06 4.49956e-05 2.60957e-01 1.03661e-04 3.21394e-03 6.70579e-04 7.42881e-05 3.20413e-04 2.38818e-05 
3.88424e-06 5.94018e-06 3.49217e-05 9.21237e-06 1.36696e-06 9.03449e-08 6.80911e-05 6.06841e-08 1.41410e-05 1.03661e-04 2.80536e-03 4.40779e-05 7.14488e-06 1.09912e-06 3.98213e-05 3.40853e-07 
1.06158e-05 2.83572e-05 8.43828e-06 2.01295e-03 9.00549e-06 3.18059e-06 4.05054e-04 3.08315e-05 2.57826e-05 3.21394e-03 4.40779e-05 6.64669e-02 2.39829e-04 1.50905e-05 1.59972e-04 8.72282e-05 
6.82479e-05 1.82270e-05 9.90267e-06 9.94644e-04 1.64794e-04 3.64201e-06 3.92823e-03 9.34069e-06 3.61092e-05 6.70579e-04 7.14488e-06 2.39829e-04 1.58978e-01 6.18438e-05 2.00431e-03 1.31712e-04 
3.33435e-07 5.37799e-06 1.88397e-06 6.62508e-06 2.41164e-07 8.64745e-06 1.01737e-05 2.67919e-05 9.61524e-08 7.42881e-05 1.09912e-06 1.50905e-05 6.18438e-05 1.10785e-03 1.80573e-05 4.78369e-05 
8.18892e-06 5.20953e-06 3.02414e-05 2.68894e-04 3.15041e-05 1.27699e-06 3.26102e-03 4.51538e-06 4.06722e-06 3.20413e-04 3.98213e-05 1.59972e-04 2.00431e-03 1.80573e-05 6.50835e-02 6.27335e-05 
9.23273e-07 3.26682e-06 2.28325e-06 1.62623e-04 3.46709e-06 1.41479e-06 3.82383e-05 1.72880e-05 3.96847e-08 2.38818e-05 3.40853e-07 8.72282e-05 1.31712e-04 4.78369e-05 6.27335e-05 3.62121e-03 

