RIBOSUM

	A	C	G	U
A	2.35
C	-2.82	1.44
G	-2.43	-3.26	1.27
U	-2.49	-1.40	-2.69	1.86


	AA	AC	AG	AU	CA	CC	CG	CU	GA	GC	GG	GU	UA	UC	UG	UU
AA	-0.71
AC	-8.72	-1.00
AG	-7.90	-9.64	-1.59
AU	-5.47	-4.75	-6.32	4.97
CA	-9.83	-11.33	-10.39	-7.08	-1.29
CC	-13.37	-8.69	-12.63	-7.73	-9.83	-1.23
CG	-5.94	-6.44	-5.10	0.56	-3.38	-5.05	5.70
CU	-10.72	-11.55	-9.59	-6.08	-9.12	-7.74	-5.00	0.04
GA	-8.83	-7.23	-7.92	-7.88	-8.18	-14.43	-5.87	-9.20	-0.71
GC	-5.08	-3.98	-6.99	1.74	-6.20	-4.56	1.08	-7.56	-4.77	5.84
GG	-10.73	-11.38	-5.11	-7.87	-12.49	-14.07	-5.03	-13.48	-7.44	-5.33	-1.91
GU	-6.92	-5.96	-8.04	-0.03	-8.51	-8.57	-1.36	-6.77	-6.96	0.63	-6.24	3.68
UA	-5.08	-6.81	-7.24	0.14	-4.07	-7.51	1.91	-5.81	-5.95	0.25	-7.59	-2.25	5.19
UC	-11.24	-8.97	-10.44	-6.74	-10.76	-8.83	-6.30	-5.58	-8.82	-4.85	-12.86	-4.69	-4.17	-2.74
UG	-7.00	-8.15	-6.80	-2.00	-6.41	-9.19	0.80	-8.58	-8.74	-1.20	-6.20	-2.78	0.12	-7.38	3.56
UU	-9.62	-8.02	-10.34	-3.52	-7.60	-7.05	-4.19	-6.56	-13.11	-4.23	-12.00	-4.91	-4.22	-4.18	-5.45	0.02


BASE FREQUENCIES
2.51662e-01 2.20655e-01 2.92539e-01 2.35144e-01 

BASE PAIR FREQUENCIES
3.24184e-03 2.12256e-03 2.43060e-03 1.37585e-01 
2.08414e-03 1.37565e-03 2.57407e-01 3.08085e-03 
3.83915e-03 2.73937e-01 2.72461e-03 7.57440e-02 
1.55196e-01 1.16842e-03 7.37056e-02 4.35829e-03 


BASE MATCH FREQUENCIES
3.23342e-01 7.84001e-03 1.37038e-02 1.05238e-02 7.84001e-03 1.31886e-01 6.73155e-03 1.96518e-02 1.37038e-02 6.73155e-03 2.05799e-01 1.06781e-02 1.05238e-02 1.96518e-02 1.06781e-02 2.00715e-01 

BASE PAIR MATCH FREQUENCIES
2.44770e-03 8.34946e-06 1.95534e-05 8.48503e-05 3.86391e-06 2.91734e-07 6.66639e-05 1.94243e-06 1.02788e-05 1.21131e-04 3.18276e-06 3.60223e-05 1.10436e-04 1.36067e-06 3.40324e-05 4.45468e-06 
8.34946e-06 1.53951e-03 5.12634e-06 1.22228e-04 1.19790e-06 6.56846e-06 4.14176e-05 9.61981e-07 2.72492e-05 2.27565e-04 1.78100e-06 6.14792e-05 2.92003e-05 5.75312e-06 1.34237e-05 1.18641e-05 
1.95534e-05 5.12634e-06 1.80005e-03 5.44463e-05 3.05256e-06 5.64660e-07 1.38179e-04 4.97236e-06 2.23633e-05 3.73571e-05 1.81829e-04 1.92169e-05 2.88574e-05 2.74301e-06 4.54338e-05 3.14280e-06 
8.48503e-05 1.22228e-04 5.44463e-05 1.09747e-01 2.42724e-05 1.35742e-05 5.62567e-03 4.54322e-05 1.85492e-05 1.27925e-02 2.16860e-05 3.97865e-03 3.85251e-03 2.87476e-05 1.01450e-03 2.85278e-04 
3.86391e-06 1.19790e-06 3.05256e-06 2.42724e-05 1.25833e-03 2.97732e-06 3.44904e-04 5.18143e-06 1.40703e-05 4.88258e-05 8.25397e-07 1.05014e-05 1.95333e-04 1.66242e-06 4.49047e-05 1.57838e-05 
2.91734e-07 6.56846e-06 5.64660e-07 1.35742e-05 2.97732e-06 1.00937e-03 9.49787e-05 1.18356e-05 1.62093e-07 1.32851e-04 2.41686e-07 8.80834e-06 1.58255e-05 5.53686e-06 5.74952e-06 2.03687e-05 
6.66639e-05 4.14176e-05 1.38179e-04 5.62567e-03 3.44904e-04 9.49787e-05 2.17305e-01 1.04664e-04 8.14717e-05 8.79742e-03 1.69317e-04 1.72820e-03 1.43564e-02 4.23760e-05 7.72756e-03 1.95943e-04 
1.94243e-06 9.61981e-07 4.97236e-06 4.54322e-05 5.18143e-06 1.18356e-05 1.04664e-04 2.77728e-03 6.47692e-06 1.77193e-05 3.87795e-07 3.27451e-05 5.46008e-05 5.63515e-05 9.30916e-06 3.03249e-05 
1.02788e-05 2.72492e-05 2.23633e-05 1.85492e-05 1.40703e-05 1.62093e-07 8.14717e-05 6.47692e-06 3.31971e-03 1.73738e-04 3.61924e-05 4.06121e-05 7.04503e-05 8.47306e-06 1.18662e-05 4.59235e-07 
1.21131e-04 2.27565e-04 3.73571e-05 1.27925e-02 4.88258e-05 1.32851e-04 8.79742e-03 1.77193e-05 1.73738e-04 2.39395e-01 1.37642e-04 6.86433e-03 4.53568e-03 1.16246e-04 1.93502e-03 1.90357e-04 
3.18276e-06 1.78100e-06 1.81829e-04 2.16860e-05 8.25397e-07 2.41686e-07 1.69317e-04 3.87795e-07 3.61924e-05 1.37642e-04 1.94470e-03 7.81384e-05 2.62291e-05 5.96546e-07 8.02372e-05 1.15152e-06 
3.60223e-05 6.14792e-05 1.92169e-05 3.97865e-03 1.05014e-05 8.80834e-06 1.72820e-03 3.27451e-05 4.06121e-05 6.86433e-03 7.81384e-05 6.06190e-02 8.57772e-04 1.38344e-04 6.88598e-04 1.26312e-04 
1.10436e-04 2.92003e-05 2.88574e-05 3.85251e-03 1.95333e-04 1.58255e-05 1.43564e-02 5.46008e-05 7.04503e-05 4.53568e-03 2.62291e-05 8.57772e-04 1.27744e-01 1.71031e-04 4.43752e-03 1.75475e-04 
1.36067e-06 5.75312e-06 2.74301e-06 2.87476e-05 1.66242e-06 5.53686e-06 4.23760e-05 5.63515e-05 8.47306e-06 1.16246e-04 5.96546e-07 1.38344e-04 1.71031e-04 4.02343e-04 2.14180e-05 1.58062e-04 
3.40324e-05 1.34237e-05 4.54338e-05 1.01450e-03 4.49047e-05 5.74952e-06 7.72756e-03 9.30916e-06 1.18662e-05 1.93502e-03 8.02372e-05 6.88598e-04 4.43752e-03 2.14180e-05 5.58506e-02 8.71930e-05 
4.45468e-06 1.18641e-05 3.14280e-06 2.85278e-04 1.57838e-05 2.03687e-05 1.95943e-04 3.03249e-05 4.59235e-07 1.90357e-04 1.15152e-06 1.26312e-04 1.75475e-04 1.58062e-04 8.71930e-05 3.10526e-03 

