RIBOSUM

	A	C	G	U
A	2.26
C	-1.93	1.13
G	-1.54	-2.60	1.06
U	-1.46	-1.03	-1.85	1.70


	AA	AC	AG	AU	CA	CC	CG	CU	GA	GC	GG	GU	UA	UC	UG	UU
AA	-2.13
AC	-9.32	-1.98
AG	-8.46	-9.69	-1.80
AU	-5.09	-2.22	-5.91	4.51
CA	-9.11	-10.70	-11.30	-5.91	-2.52
CC	-12.68	-9.08	-13.72	-6.48	-10.54	-2.83
CG	-4.91	-6.00	-4.87	1.61	-3.39	-4.99	5.41
CU	-11.59	-11.40	-8.61	-5.06	-7.76	-6.13	-4.76	-0.92
GA	-7.45	-9.66	-7.62	-6.04	-7.35	-12.52	-4.02	-7.21	-1.08
GC	-5.35	-3.84	-5.31	2.62	-5.66	-3.76	1.99	-5.87	-4.38	5.65
GG	-8.46	-9.14	-5.40	-5.80	-11.28	-12.74	-4.73	-12.47	-6.37	-3.83	-1.95
GU	-6.62	-5.61	-7.11	0.57	-7.32	-7.58	-0.40	-5.87	-6.52	1.20	-6.10	3.47
UA	-4.25	-5.85	-6.65	1.50	-2.97	-6.70	2.70	-4.52	-5.37	1.47	-6.09	-0.75	4.98
UC	-10.30	-8.88	-8.08	-5.07	-7.93	-8.11	-5.50	-3.72	-6.23	-4.55	-11.59	-5.52	-2.93	-3.22
UG	-6.27	-7.24	-5.81	-0.67	-5.61	-8.41	1.24	-7.76	-7.34	-0.11	-4.74	-2.19	0.93	-6.39	3.27
UU	-8.69	-7.64	-10.69	-3.27	-8.54	-5.67	-3.74	-4.41	-11.30	-4.00	-11.47	-4.69	-3.54	-5.86	-4.84	-0.04


BASE FREQUENCIES
2.55169e-01 2.22850e-01 3.01186e-01 2.20795e-01 

BASE PAIR FREQUENCIES
1.96055e-03 2.02571e-03 2.72322e-03 1.28237e-01 
1.73534e-03 9.36032e-04 2.61921e-01 2.10158e-03 
4.22157e-03 2.85542e-01 3.49836e-03 7.25538e-02 
1.54822e-01 1.36114e-03 7.25654e-02 3.79451e-03 


BASE MATCH FREQUENCIES
3.12846e-01 1.48915e-02 2.64789e-02 2.04104e-02 1.48915e-02 1.08567e-01 1.10571e-02 2.41673e-02 2.64789e-02 1.10571e-02 1.88952e-01 1.84326e-02 2.04104e-02 2.41673e-02 1.84326e-02 1.58759e-01 

BASE PAIR MATCH FREQUENCIES
9.69906e-04 5.77462e-06 1.42413e-05 1.08072e-04 6.70458e-06 4.92162e-07 1.45430e-04 1.03587e-06 2.85467e-05 1.07142e-04 1.67631e-05 4.41222e-05 1.92814e-04 2.54463e-06 5.60300e-05 7.70124e-06 
5.77462e-06 8.16928e-04 5.28667e-06 6.86259e-04 1.93754e-06 5.22545e-06 5.97922e-05 1.03463e-06 5.38484e-06 2.65632e-04 9.13498e-06 7.72589e-05 5.53719e-05 5.95894e-06 2.50602e-05 1.38526e-05 
1.42413e-05 5.28667e-06 1.69204e-03 7.20597e-05 1.73556e-06 2.83482e-07 1.76538e-04 9.66990e-06 2.99832e-05 1.30258e-04 1.65607e-04 3.68790e-05 4.30761e-05 1.39842e-05 9.10704e-05 2.26293e-06 
1.08072e-04 6.86259e-04 7.20597e-05 7.23882e-02 5.31995e-05 3.12813e-05 1.15588e-02 8.29911e-05 6.57196e-05 2.32715e-02 9.18046e-05 5.54979e-03 8.96261e-03 8.26569e-05 2.35001e-03 2.84567e-04 
6.70458e-06 1.93754e-06 1.73556e-06 5.31995e-05 5.63121e-04 1.89561e-06 3.64770e-04 1.29294e-05 2.68072e-05 7.53870e-05 2.07531e-06 2.36648e-05 4.09512e-04 1.14615e-05 7.75671e-05 7.46744e-06 
4.92162e-07 5.22545e-06 2.83482e-07 3.12813e-05 1.89561e-06 3.46479e-04 1.05087e-04 3.47899e-05 6.48452e-07 2.45611e-04 6.60439e-07 1.72822e-05 2.69438e-05 8.81845e-06 9.71393e-06 4.75103e-05 
1.45430e-04 5.97922e-05 1.76538e-04 1.15588e-02 3.64770e-04 1.05087e-04 1.91918e-01 1.22071e-04 3.18217e-04 1.79073e-02 2.30217e-04 3.39397e-03 2.45397e-02 7.27459e-05 1.05651e-02 2.45457e-04 
1.03587e-06 1.03463e-06 9.66990e-06 8.29911e-05 1.29294e-05 3.47899e-05 1.22071e-04 1.28200e-03 2.55556e-05 5.65073e-05 7.85370e-07 5.60300e-05 1.21137e-04 1.84064e-04 1.51230e-05 1.12470e-04 
2.85467e-05 5.38484e-06 2.99832e-05 6.57196e-05 2.68072e-05 6.48452e-07 3.18217e-04 2.55556e-05 2.80337e-03 2.47938e-04 8.44234e-05 5.57501e-05 1.04751e-04 5.03726e-05 3.14592e-05 1.48586e-06 
1.07142e-04 2.65632e-04 1.30258e-04 2.32715e-02 7.53870e-05 2.45611e-04 1.79073e-02 5.65073e-05 2.47938e-04 2.25671e-01 4.28961e-04 1.02494e-02 1.04449e-02 1.40611e-04 4.14398e-03 2.04555e-04 
1.67631e-05 9.13498e-06 1.65607e-04 9.18046e-05 2.07531e-06 6.60439e-07 2.30217e-04 7.85370e-07 8.44234e-05 4.28961e-04 2.13030e-03 8.81837e-05 7.48741e-05 1.45242e-06 2.25136e-04 1.55571e-06 
4.41222e-05 7.72589e-05 3.68790e-05 5.54979e-03 2.36648e-05 1.72822e-05 3.39397e-03 5.60300e-05 5.57501e-05 1.02494e-02 8.81837e-05 4.89719e-02 2.23037e-03 7.10775e-05 9.70181e-04 1.25677e-04 
1.92814e-04 5.53719e-05 4.30761e-05 8.96261e-03 4.09512e-04 2.69438e-05 2.45397e-02 1.21137e-04 1.04751e-04 1.04449e-02 7.48741e-05 2.23037e-03 1.00098e-01 3.63224e-04 7.15008e-03 2.36807e-04 
2.54463e-06 5.95894e-06 1.39842e-05 8.26569e-05 1.14615e-05 8.81845e-06 7.27459e-05 1.84064e-04 5.03726e-05 1.40611e-04 1.45242e-06 7.10775e-05 3.63224e-04 2.60112e-04 3.91312e-05 4.12162e-05 
5.60300e-05 2.50602e-05 9.10704e-05 2.35001e-03 7.75671e-05 9.71393e-06 1.05651e-02 1.51230e-05 3.14592e-05 4.14398e-03 2.25136e-04 9.70181e-04 7.15008e-03 3.91312e-05 4.27525e-02 1.13412e-04 
7.70124e-06 1.38526e-05 2.26293e-06 2.84567e-04 7.46744e-06 4.75103e-05 2.45457e-04 1.12470e-04 1.48586e-06 2.04555e-04 1.55571e-06 1.25677e-04 2.36807e-04 4.12162e-05 1.13412e-04 2.31361e-03 

