RIBOSUM

	A	C	G	U
A	1.99
C	-1.21	0.98
G	-0.95	-1.52	0.90
U	-1.06	-0.66	-1.19	1.35


	AA	AC	AG	AU	CA	CC	CG	CU	GA	GC	GG	GU	UA	UC	UG	UU
AA	-2.53
AC	-9.60	-1.81
AG	-9.36	-10.10	-2.33
AU	-5.30	-1.81	-6.40	4.25
CA	-10.33	-11.58	-10.95	-5.95	-3.09
CC	-13.59	-9.37	-13.62	-2.28	-11.06	-3.10
CG	-3.79	-5.62	-4.76	2.01	-3.48	-4.93	5.27
CU	-12.13	-10.23	-8.62	-4.45	-8.52	-6.84	-4.20	-1.45
GA	-9.17	-9.07	-8.40	-4.68	-9.00	-12.20	-4.35	-6.93	-1.54
GC	-5.54	-3.94	-6.01	2.85	-5.69	-3.86	2.78	-2.11	-2.34	5.53
GG	-9.59	-8.98	-4.07	-6.13	-11.92	-13.12	-4.76	-10.17	-6.89	-4.34	-2.21
GU	-7.00	-4.94	-7.00	0.61	-7.02	-7.69	0.28	-4.36	-6.18	1.38	-5.70	3.27
UA	-2.32	-5.94	-2.75	1.83	-3.39	-6.57	2.96	-4.26	-4.74	1.77	-6.61	0.02	4.70
UC	-12.02	-9.06	-8.49	-4.90	-9.03	-8.95	-5.07	-4.77	-6.97	-4.00	-11.55	-4.71	-3.51	-4.29
UG	-3.39	-7.29	-6.34	-0.80	-6.55	-8.20	1.12	-6.86	-7.46	0.15	-4.49	-1.28	0.84	-4.51	3.16
UU	-10.41	-8.17	-10.68	-3.60	-8.79	-7.53	-3.16	-5.36	-11.46	-3.29	-10.51	-2.76	-1.63	-5.84	-4.42	-0.88


BASE FREQUENCIES
2.53788e-01 2.21697e-01 2.95698e-01 2.28817e-01 

BASE PAIR FREQUENCIES
2.51522e-03 2.16528e-03 2.55297e-03 1.34174e-01 
1.88549e-03 1.15348e-03 2.57739e-01 2.75950e-03 
4.14421e-03 2.79124e-01 3.06175e-03 7.37374e-02 
1.56517e-01 1.29379e-03 7.31230e-02 4.05371e-03 


BASE MATCH FREQUENCIES
2.55922e-01 2.42754e-02 3.88693e-02 2.77836e-02 2.42754e-02 9.71843e-02 2.29253e-02 3.20119e-02 3.88693e-02 2.29253e-02 1.62903e-01 2.96222e-02 2.77836e-02 3.20119e-02 2.96222e-02 1.33015e-01 

BASE PAIR MATCH FREQUENCIES
7.18788e-04 4.68374e-06 7.36056e-06 9.50112e-05 2.81423e-06 2.57236e-07 3.04862e-04 7.29572e-07 8.39265e-06 9.06338e-05 7.32000e-06 3.41627e-05 7.50034e-04 7.88204e-07 4.16502e-04 2.48694e-06 
4.68374e-06 9.00877e-04 3.84304e-06 9.30688e-04 1.03436e-06 4.18101e-06 7.48840e-05 2.37001e-06 7.86340e-06 2.40298e-04 9.76088e-06 1.24350e-04 5.31270e-05 5.33651e-06 2.42953e-05 1.01987e-05 
7.36056e-06 3.84304e-06 1.12215e-03 5.17750e-05 2.13795e-06 2.92260e-07 1.81537e-04 9.70554e-06 1.67226e-05 7.60739e-05 3.90096e-04 3.97351e-05 6.46232e-04 1.05853e-05 6.25184e-05 2.38746e-06 
9.50112e-05 9.30688e-04 5.17750e-05 6.40042e-02 5.27658e-05 5.87516e-04 1.53516e-02 1.34826e-04 1.69510e-04 2.74442e-02 7.23196e-05 5.98365e-03 1.20161e-02 9.86525e-05 2.26288e-03 2.50514e-04 
2.81423e-06 1.03436e-06 2.13795e-06 5.27658e-05 3.72824e-04 1.29463e-06 3.31122e-04 7.77043e-06 8.22778e-06 7.16785e-05 1.26787e-06 2.92574e-05 3.12437e-04 5.44959e-06 4.05161e-05 6.67209e-06 
2.57236e-07 4.18101e-06 2.92260e-07 5.87516e-04 1.29463e-06 2.82378e-04 1.05825e-04 2.18273e-05 7.85838e-07 2.22105e-04 4.84171e-07 1.61206e-05 3.00574e-05 5.03995e-06 1.12842e-05 1.39076e-05 
3.04862e-04 7.48840e-05 1.81537e-04 1.53516e-02 3.31122e-04 1.05825e-04 1.66398e-01 1.81474e-04 2.41890e-04 2.94312e-02 2.12210e-04 5.38592e-03 2.96326e-02 9.89392e-05 9.63744e-03 3.84235e-04 
7.29572e-07 2.37001e-06 9.70554e-06 1.34826e-04 7.77043e-06 2.18273e-05 1.81474e-04 9.41531e-04 3.12781e-05 7.72779e-04 3.84710e-06 1.66864e-04 1.54161e-04 9.41878e-05 2.95811e-05 6.48036e-05 
8.39265e-06 7.86340e-06 1.67226e-05 1.69510e-04 8.22778e-06 7.85838e-07 2.41890e-04 3.12781e-05 1.93098e-03 9.70277e-04 5.54083e-05 6.98057e-05 1.62878e-04 3.03331e-05 2.87870e-05 1.39117e-06 
9.06338e-05 2.40298e-04 7.60739e-05 2.74442e-02 7.16785e-05 2.22105e-04 2.94312e-02 7.72779e-04 9.70277e-04 1.99026e-01 2.82910e-04 1.15348e-02 1.29804e-02 2.08168e-04 4.92160e-03 3.51939e-04 
7.32000e-06 9.76088e-06 3.90096e-04 7.23196e-05 1.26787e-06 4.84171e-07 2.12210e-04 3.84710e-06 5.54083e-05 2.82910e-04 1.64872e-03 1.14031e-04 5.20985e-05 1.48100e-06 2.63174e-04 3.13106e-06 
3.41627e-05 1.24350e-04 3.97351e-05 5.98365e-03 2.92574e-05 1.61206e-05 5.38592e-03 1.66864e-04 6.98057e-05 1.15348e-02 1.14031e-04 4.42193e-02 3.99295e-03 1.31076e-04 1.88869e-03 5.23236e-04 
7.50034e-04 5.31270e-05 6.46232e-04 1.20161e-02 3.12437e-04 3.00574e-05 2.96326e-02 1.54161e-04 1.62878e-04 1.29804e-02 5.20985e-05 3.99295e-03 8.78305e-02 2.58407e-04 7.01593e-03 9.82714e-04 
7.88204e-07 5.33651e-06 1.05853e-05 9.86525e-05 5.44959e-06 5.03995e-06 9.89392e-05 9.41878e-05 3.03331e-05 2.08168e-04 1.48100e-06 1.31076e-04 2.58407e-04 1.31101e-04 1.50928e-04 4.63947e-05 
4.16502e-04 2.42953e-05 6.25184e-05 2.26288e-03 4.05161e-05 1.12842e-05 9.63744e-03 2.95811e-05 2.87870e-05 4.92160e-03 2.63174e-04 1.88869e-03 7.01593e-03 1.50928e-04 4.08122e-02 1.65682e-04 
2.48694e-06 1.01987e-05 2.38746e-06 2.50514e-04 6.67209e-06 1.39076e-05 3.84235e-04 6.48036e-05 1.39117e-06 3.51939e-04 3.13106e-06 5.23236e-04 9.82714e-04 4.63947e-05 1.65682e-04 1.48448e-03 

