RIBOSUM

	A	C	G	U
A	2.32
C	-5.59	1.86
G	-4.94	-5.99	1.53
U	-4.57	-3.65	-5.47	1.94


	AA	AC	AG	AU	CA	CC	CG	CU	GA	GC	GG	GU	UA	UC	UG	UU
AA	-0.92
AC	-10.88	-0.28
AG	-10.28	-9.00	-1.02
AU	-6.18	-6.18	-10.64	5.16
CA	-9.96	-13.46	-12.29	-12.70	-1.05
CC	-19.51	-10.71	-14.98	-11.98	-10.87	-0.47
CG	-7.30	-10.48	-6.32	-4.76	-4.61	-6.28	6.11
CU	-12.98	-16.46	-14.39	-7.55	-13.28	-7.10	-7.26	-0.20
GA	-8.43	-15.87	-9.59	-11.65	-11.58	-15.09	-13.07	-inf	-0.49
GC	-11.04	-4.42	-9.83	-1.76	-9.85	-4.73	-3.77	-8.84	-7.47	6.28
GG	-14.80	-12.86	-8.16	-9.46	-13.72	-16.45	-6.35	-16.57	-10.24	-5.18	-0.90
GU	-11.49	-8.58	-13.18	-2.16	-13.42	-11.03	-5.62	-7.92	-9.11	-1.33	-7.00	3.92
UA	-6.40	-8.11	-11.90	-4.31	-4.79	-10.06	-1.64	-9.93	-8.42	-4.81	-11.03	-6.57	5.32
UC	-13.81	-10.44	-15.46	-11.43	-13.94	-6.56	-10.00	-6.62	-18.34	-5.72	-13.18	-9.56	-6.95	-0.56
UG	-11.35	-12.97	-7.48	-6.20	-8.88	-12.44	-1.68	-12.25	-11.35	-6.03	-7.22	-7.14	-2.06	-9.04	3.94
UU	-12.53	-13.00	-16.10	-5.72	-11.71	-11.31	-8.93	-7.19	-17.62	-8.44	-15.29	-7.44	-5.86	-6.47	-6.33	0.16


BASE FREQUENCIES
2.72149e-01 2.06776e-01 2.75868e-01 2.45206e-01 

BASE PAIR FREQUENCIES
3.20263e-03 2.84686e-03 2.97783e-03 1.62077e-01 
1.85064e-03 1.49923e-03 2.28161e-01 2.36839e-03 
4.08645e-03 2.54476e-01 3.37352e-03 7.22593e-02 
1.81149e-01 1.93525e-03 7.33495e-02 4.38687e-03 


BASE MATCH FREQUENCIES
3.68591e-01 1.17109e-03 2.43908e-03 2.81749e-03 1.17109e-03 1.54863e-01 8.95878e-04 4.03160e-03 2.43908e-03 8.95878e-04 2.20383e-01 1.53145e-03 2.81749e-03 4.03160e-03 1.53145e-03 2.30390e-01 

BASE PAIR MATCH FREQUENCIES
2.90813e-03 2.21237e-06 4.48632e-06 6.81447e-05 4.18722e-06 4.23151e-09 2.67688e-05 4.65912e-07 1.60836e-05 2.00445e-06 1.97222e-07 1.73646e-06 5.84709e-05 2.61512e-07 1.91486e-06 7.52165e-07 
2.21237e-06 2.60805e-03 8.24255e-06 5.19204e-05 2.81010e-07 1.43151e-06 2.24525e-06 3.17363e-08 7.06853e-08 1.50089e-04 5.74306e-07 9.98031e-06 1.36033e-05 2.05744e-06 4.74311e-07 4.11802e-07 
4.48632e-06 8.24255e-06 2.78535e-03 3.14172e-06 8.41229e-07 9.94643e-08 5.35940e-05 1.77795e-07 7.30839e-06 4.70748e-06 1.99187e-05 5.46556e-07 1.30908e-06 8.46302e-08 2.83699e-05 6.43380e-08 
6.81447e-05 5.19204e-05 3.14172e-06 1.58798e-01 5.65249e-07 7.06266e-07 1.40439e-04 1.81011e-05 1.56380e-06 1.12527e-03 7.19782e-06 1.01148e-03 2.24147e-04 1.22295e-06 6.12180e-05 7.59659e-05 
4.18722e-06 2.81010e-07 8.41229e-07 5.65249e-07 1.53045e-03 1.28211e-06 1.31189e-04 2.87287e-07 1.37978e-06 3.48851e-06 3.17796e-07 3.47009e-07 1.35273e-04 1.81113e-07 8.07678e-06 1.00668e-06 
4.23151e-09 1.43151e-06 9.94643e-08 7.06266e-07 1.28211e-06 1.32188e-03 3.14167e-05 1.57704e-05 9.17724e-08 9.20344e-05 3.64243e-08 1.38036e-06 2.67843e-06 2.29799e-05 5.18937e-07 1.01097e-06 
2.67688e-05 2.24525e-06 5.35940e-05 1.40439e-04 1.31189e-04 3.14167e-05 2.25226e-01 1.88627e-05 4.98620e-07 2.37730e-04 5.31088e-05 7.83494e-05 1.22342e-03 2.81811e-06 1.20835e-03 7.02927e-06 
4.65912e-07 3.17363e-08 1.77795e-07 1.81011e-05 2.87287e-07 1.57704e-05 1.88627e-05 2.24293e-03 0.00000e+00 6.29395e-06 3.97905e-08 1.41261e-05 3.47762e-06 2.62224e-05 7.04832e-07 2.08725e-05 
1.60836e-05 7.06853e-08 7.30839e-06 1.56380e-06 1.37978e-06 9.17724e-08 4.98620e-07 0.00000e+00 4.01027e-03 2.40824e-05 4.71575e-06 9.18729e-06 1.45864e-05 1.14441e-08 1.93929e-06 2.24318e-08 
2.00445e-06 1.50089e-04 4.70748e-06 1.12527e-03 3.48851e-06 9.20344e-05 2.37730e-04 6.29395e-06 2.40824e-05 2.52002e-01 1.20057e-04 1.53980e-03 1.35947e-04 5.47553e-05 5.92423e-05 9.84451e-06 
1.97222e-07 5.74306e-07 1.99187e-05 7.19782e-06 3.17796e-07 3.64243e-08 5.31088e-05 3.97905e-08 4.71575e-06 1.20057e-04 3.09340e-03 4.03298e-05 2.42831e-06 4.16395e-07 3.44191e-05 1.14322e-07 
1.73646e-06 9.98031e-06 5.46556e-07 1.01148e-03 3.47009e-07 1.38036e-06 7.83494e-05 1.41261e-05 9.18729e-06 1.53980e-03 4.03298e-05 6.95038e-02 4.76294e-05 4.54599e-06 3.24006e-05 2.34781e-05 
5.84709e-05 1.36033e-05 1.30908e-06 2.24147e-04 1.35273e-04 2.67843e-06 1.22342e-03 3.47762e-06 1.45864e-05 1.35947e-04 2.42831e-06 4.76294e-05 1.77804e-01 2.73428e-05 1.08168e-03 6.92587e-05 
2.61512e-07 2.05744e-06 8.46302e-08 1.22295e-06 1.81113e-07 2.29799e-05 2.81811e-06 2.62224e-05 1.14441e-08 5.47553e-05 4.16395e-07 4.54599e-06 2.73428e-05 1.74217e-03 6.51286e-06 3.43972e-05 
1.91486e-06 4.74311e-07 2.83699e-05 6.12180e-05 8.07678e-06 5.18937e-07 1.20835e-03 7.04832e-07 1.93929e-06 5.92423e-05 3.44191e-05 3.24006e-05 1.08168e-03 6.51286e-06 7.03837e-02 5.04649e-05 
7.52165e-07 4.11802e-07 6.43380e-08 7.59659e-05 1.00668e-06 1.01097e-06 7.02927e-06 2.08725e-05 2.24318e-08 9.84451e-06 1.14322e-07 2.34781e-05 6.92587e-05 3.43972e-05 5.04649e-05 4.04083e-03 

