RIBOSUM

	A	C	G	U
A	2.45
C	-4.27	1.65
G	-3.85	-4.89	1.38
U	-3.67	-2.45	-4.22	2.02


	AA	AC	AG	AU	CA	CC	CG	CU	GA	GC	GG	GU	UA	UC	UG	UU
AA	-0.14
AC	-7.75	-0.71
AG	-7.22	-9.70	-1.29
AU	-5.55	-5.58	-7.88	5.23
CA	-9.03	-11.31	-10.56	-9.29	-1.08
CC	-13.64	-8.46	-14.13	-8.80	-10.66	-1.01
CG	-7.18	-8.23	-5.39	-1.30	-4.03	-5.46	5.85
CU	-13.76	-13.84	-12.94	-6.79	-10.34	-8.74	-5.35	0.21
GA	-9.93	-12.54	-9.26	-9.00	-9.79	-16.75	-9.58	-15.88	-0.69
GC	-5.75	-3.95	-8.92	0.38	-8.54	-5.18	-1.00	-8.13	-6.38	5.94
GG	-9.72	-11.11	-6.91	-8.64	-12.60	-14.48	-5.88	-14.61	-8.53	-4.84	-1.93
GU	-7.80	-6.67	-8.70	-1.24	-9.77	-9.66	-2.80	-6.43	-7.30	-0.00	-6.49	3.84
UA	-6.78	-8.56	-9.33	-1.72	-4.18	-8.94	0.41	-8.15	-7.42	-1.94	-8.66	-3.90	5.35
UC	-11.81	-9.26	-11.49	-9.06	-12.76	-8.74	-7.64	-7.95	-15.09	-4.69	-12.85	-6.46	-5.65	-1.75
UG	-8.33	-9.41	-7.15	-3.67	-6.51	-10.18	0.07	-9.36	-9.82	-3.12	-6.45	-4.29	-1.21	-7.88	3.80
UU	-11.12	-10.24	-11.70	-4.44	-10.67	-10.05	-5.30	-9.22	-15.53	-6.12	-12.76	-5.49	-4.71	-5.26	-6.34	0.28


BASE FREQUENCIES
2.48958e-01 2.22955e-01 2.91522e-01 2.36564e-01 

BASE PAIR FREQUENCIES
3.89410e-03 2.28751e-03 2.48711e-03 1.40040e-01 
1.97298e-03 1.46929e-03 2.58726e-01 3.39545e-03 
3.42717e-03 2.72373e-01 2.40119e-03 7.55660e-02 
1.50988e-01 1.22253e-03 7.53056e-02 4.44311e-03 


BASE MATCH FREQUENCIES
3.38871e-01 2.88003e-03 5.02416e-03 4.61586e-03 2.88003e-03 1.55717e-01 2.19610e-03 9.63500e-03 5.02416e-03 2.19610e-03 2.21707e-01 3.69215e-03 4.61586e-03 9.63500e-03 3.69215e-03 2.27618e-01 

BASE PAIR MATCH FREQUENCIES
3.49436e-03 1.59899e-05 3.02224e-05 7.80242e-05 6.60122e-06 2.40926e-07 2.77448e-05 2.34959e-07 4.60295e-06 7.49358e-05 6.26743e-06 1.91659e-05 3.31534e-05 9.11956e-07 1.33128e-05 1.55595e-06 
1.59899e-05 1.88791e-03 4.82747e-06 6.84543e-05 1.21420e-06 7.86154e-06 1.20004e-05 1.99155e-07 6.76532e-07 2.33395e-04 2.13253e-06 3.75092e-05 8.67706e-06 4.77563e-06 5.63751e-06 2.56478e-06 
3.02224e-05 4.82747e-06 2.15490e-03 1.81175e-05 2.66883e-06 2.01393e-07 1.12206e-04 4.86327e-07 8.58233e-06 9.73847e-06 5.11404e-05 1.20112e-05 6.63385e-06 1.33218e-06 3.51467e-05 1.22178e-06 
7.80242e-05 6.84543e-05 1.81175e-05 1.30041e-01 5.21011e-06 6.55012e-06 1.55252e-03 2.81069e-05 8.33656e-06 4.98506e-03 1.25315e-05 1.72354e-03 1.05092e-03 5.81094e-06 3.18755e-04 1.51617e-04 
6.60122e-06 1.21420e-06 2.66883e-06 5.21011e-06 1.45785e-03 1.70214e-06 2.20628e-04 2.25187e-06 4.54701e-06 9.69782e-06 7.62310e-07 4.38440e-06 1.79917e-04 4.22180e-07 4.21140e-05 1.90652e-06 
2.40926e-07 7.86154e-06 2.01393e-07 6.55012e-06 1.70214e-06 1.22468e-03 7.34660e-05 6.15181e-06 3.28196e-08 8.90499e-05 1.84237e-07 4.24678e-06 5.94632e-06 6.15256e-06 2.94705e-06 2.63154e-06 
2.77448e-05 1.20004e-05 1.12206e-04 1.55252e-03 2.20628e-04 7.34660e-05 2.43818e-01 8.40656e-05 6.15368e-06 2.10930e-03 9.39982e-05 6.43570e-04 5.06922e-03 1.71706e-05 4.71144e-03 9.23341e-05 
2.34959e-07 1.99155e-07 4.86327e-07 2.81069e-05 2.25187e-06 6.15181e-06 8.40656e-05 3.21393e-03 6.34015e-08 1.21951e-05 1.79762e-07 4.20621e-05 1.09572e-05 1.12452e-05 5.51742e-06 4.94607e-06 
4.60295e-06 6.76532e-07 8.58233e-06 8.33656e-06 4.54701e-06 3.28196e-08 6.15368e-06 6.34015e-08 3.26990e-03 5.67343e-05 1.67369e-05 3.17179e-05 2.49985e-05 1.10020e-07 5.52638e-06 8.57785e-08 
7.49358e-05 2.33395e-04 9.73847e-06 4.98506e-03 9.69782e-06 8.90499e-05 2.10930e-03 1.21951e-05 5.67343e-05 2.59506e-01 1.92496e-04 4.48035e-03 9.94449e-04 1.32810e-04 5.15253e-04 5.21752e-05 
6.26743e-06 2.13253e-06 5.11404e-05 1.25315e-05 7.62310e-07 1.84237e-07 9.39982e-05 1.79762e-07 1.67369e-05 1.92496e-04 1.89030e-03 6.50438e-05 1.23335e-05 6.07909e-07 6.68677e-05 6.85482e-07 
1.91659e-05 3.75092e-05 1.20112e-05 1.72354e-03 4.38440e-06 4.24678e-06 6.43570e-04 4.20621e-05 3.17179e-05 4.48035e-03 6.50438e-05 6.81962e-02 2.72506e-04 4.13736e-05 2.43778e-04 8.61309e-05 
3.31534e-05 8.67706e-06 6.63385e-06 1.05092e-03 1.79917e-04 5.94632e-06 5.06922e-03 1.09572e-05 2.49985e-05 9.94449e-04 1.23335e-05 2.72506e-04 1.41324e-01 6.18300e-05 1.76025e-03 1.26310e-04 
9.11956e-07 4.77563e-06 1.33218e-06 5.81094e-06 4.22180e-07 6.15256e-06 1.71706e-05 1.12452e-05 1.10020e-07 1.32810e-04 6.07909e-07 4.13736e-05 6.18300e-05 8.26218e-04 1.54904e-05 7.69512e-05 
1.33128e-05 5.63751e-06 3.51467e-05 3.18755e-04 4.21140e-05 2.94705e-06 4.71144e-03 5.51742e-06 5.52638e-06 5.15253e-04 6.68677e-05 2.43778e-04 1.76025e-03 1.54904e-05 6.63598e-02 4.77847e-05 
1.55595e-06 2.56478e-06 1.22178e-06 1.51617e-04 1.90652e-06 2.63154e-06 9.23341e-05 4.94607e-06 8.57785e-08 5.21752e-05 6.85482e-07 8.61309e-05 1.26310e-04 7.69512e-05 4.77847e-05 3.80214e-03 

