RIBOSUM

	A	C	G	U
A	2.13
C	-1.50	1.07
G	-1.21	-1.88	0.98
U	-1.28	-0.82	-1.45	1.52


	AA	AC	AG	AU	CA	CC	CG	CU	GA	GC	GG	GU	UA	UC	UG	UU
AA	-2.20
AC	-9.33	-1.84
AG	-9.07	-9.94	-2.03
AU	-5.31	-2.10	-6.41	4.41
CA	-10.27	-11.42	-11.25	-6.11	-2.79
CC	-13.97	-9.74	-13.67	-3.10	-10.96	-2.82
CG	-4.10	-5.86	-4.94	1.83	-3.49	-4.91	5.34
CU	-11.99	-10.24	-8.35	-4.73	-8.25	-6.56	-4.41	-1.12
GA	-8.89	-8.81	-8.13	-5.14	-8.85	-12.12	-4.17	-6.68	-1.24
GC	-5.47	-3.97	-5.97	2.71	-5.91	-4.11	2.45	-2.90	-2.85	5.58
GG	-9.40	-8.80	-4.50	-6.34	-11.72	-13.17	-4.74	-10.93	-6.62	-4.22	-2.10
GU	-6.88	-4.79	-6.96	0.49	-7.37	-7.95	-0.03	-4.91	-6.20	1.27	-5.66	3.39
UA	-2.95	-6.06	-3.41	1.69	-3.37	-6.78	2.80	-4.32	-4.82	1.62	-6.56	-0.31	4.85
UC	-11.81	-8.92	-8.40	-5.30	-8.76	-8.70	-5.35	-4.42	-6.70	-4.42	-11.98	-4.93	-3.23	-3.94
UG	-4.08	-7.43	-6.21	-0.83	-6.50	-8.53	1.09	-7.12	-7.45	0.02	-4.69	-1.63	0.84	-4.85	3.24
UU	-10.19	-7.90	-10.42	-3.69	-8.74	-7.24	-3.38	-5.02	-11.39	-3.61	-11.18	-3.18	-2.19	-5.48	-4.54	-0.48


BASE FREQUENCIES
2.52797e-01 2.22891e-01 2.98703e-01 2.25609e-01 

BASE PAIR FREQUENCIES
2.27897e-03 2.07154e-03 2.63287e-03 1.31155e-01 
1.72963e-03 1.02772e-03 2.60646e-01 2.54184e-03 
4.21817e-03 2.82223e-01 3.17402e-03 7.38029e-02 
1.54423e-01 1.25600e-03 7.29005e-02 3.91937e-03 


BASE MATCH FREQUENCIES
2.79303e-01 1.98985e-02 3.26675e-02 2.35562e-02 1.98985e-02 1.04220e-01 1.80470e-02 2.85540e-02 3.26675e-02 1.80470e-02 1.75837e-01 2.47327e-02 2.35562e-02 2.85540e-02 2.47327e-02 1.45729e-01 

BASE PAIR MATCH FREQUENCIES
8.88113e-04 5.59753e-06 8.99349e-06 9.20182e-05 2.91512e-06 1.98269e-07 2.48726e-04 7.91426e-07 1.01508e-05 9.59853e-05 8.43675e-06 3.65779e-05 4.73059e-04 8.95822e-07 2.54794e-04 2.77603e-06 
5.59753e-06 8.87760e-04 4.34249e-06 7.48203e-04 1.15913e-06 3.27457e-06 6.47241e-05 2.33570e-06 9.49290e-06 2.39031e-04 1.12428e-05 1.37488e-04 4.83075e-05 5.85059e-06 2.20302e-05 1.20300e-05 
8.99349e-06 4.34249e-06 1.39741e-03 5.05703e-05 1.74924e-06 2.87888e-07 1.63624e-04 1.16105e-05 2.04182e-05 8.00311e-05 2.97320e-04 4.09514e-05 4.05550e-04 1.12558e-05 6.86657e-05 2.81456e-06 
9.20182e-05 7.48203e-04 5.05703e-05 6.92675e-02 4.66815e-05 3.30270e-04 1.34768e-02 1.08001e-04 1.22338e-04 2.48795e-02 6.26128e-05 5.39891e-03 1.04704e-02 7.28780e-05 2.16476e-03 2.24306e-04 
2.91512e-06 1.15913e-06 1.74924e-06 4.66815e-05 4.59469e-04 1.40431e-06 3.33355e-04 9.33429e-06 9.19235e-06 6.24935e-05 1.48845e-06 2.29121e-05 3.10762e-04 6.52155e-06 4.20637e-05 6.72509e-06 
1.98269e-07 3.27457e-06 2.87888e-07 3.30270e-04 1.40431e-06 3.50575e-04 1.10223e-04 2.64733e-05 8.41624e-07 1.91949e-04 4.81965e-07 1.35414e-05 2.57849e-05 6.00516e-06 9.08821e-06 1.67635e-05 
2.48726e-04 6.47241e-05 1.63624e-04 1.34768e-02 3.33355e-04 1.10223e-04 1.80136e-01 1.57339e-04 2.78827e-04 2.42251e-02 2.22498e-04 4.39178e-03 2.64855e-02 8.21148e-05 9.55464e-03 3.24638e-04 
7.91426e-07 2.33570e-06 1.16105e-05 1.08001e-04 9.33429e-06 2.64733e-05 1.57339e-04 1.16016e-03 3.70273e-05 4.49269e-04 2.29696e-06 1.12907e-04 1.43866e-04 1.18512e-04 2.44294e-05 7.91007e-05 
1.01508e-05 9.49290e-06 2.04182e-05 1.22338e-04 9.19235e-06 8.41624e-07 2.78827e-04 3.70273e-05 2.41669e-03 6.97764e-04 6.84247e-05 6.92197e-05 1.51948e-04 3.64426e-05 2.90725e-05 1.43474e-06 
9.59853e-05 2.39031e-04 8.00311e-05 2.48795e-02 6.24935e-05 1.91949e-04 2.42251e-02 4.49269e-04 6.97764e-04 2.11793e-01 3.17894e-04 1.08204e-02 1.16493e-02 1.56795e-04 4.55876e-03 2.77892e-04 
8.43675e-06 1.12428e-05 2.97320e-04 6.26128e-05 1.48845e-06 4.81965e-07 2.22498e-04 2.29696e-06 6.84247e-05 3.17894e-04 1.85269e-03 1.18999e-04 5.39668e-05 1.11031e-06 2.33142e-04 1.95240e-06 
3.65779e-05 1.37488e-04 4.09514e-05 5.39891e-03 2.29121e-05 1.35414e-05 4.39178e-03 1.12907e-04 6.92197e-05 1.08204e-02 1.18999e-04 4.75400e-02 3.09149e-03 1.10935e-04 1.46822e-03 3.78587e-04 
4.73059e-04 4.83075e-05 4.05550e-04 1.04704e-02 3.10762e-04 2.57849e-05 2.64855e-02 1.43866e-04 1.51948e-04 1.16493e-02 5.39668e-05 3.09149e-03 9.40395e-02 3.05706e-04 6.86474e-03 6.37637e-04 
8.95822e-07 5.85059e-06 1.12558e-05 7.28780e-05 6.52155e-06 6.00516e-06 8.21148e-05 1.18512e-04 3.64426e-05 1.56795e-04 1.11031e-06 1.10935e-04 3.05706e-04 1.65032e-04 1.17857e-04 5.74718e-05 
2.54794e-04 2.20302e-05 6.86657e-05 2.16476e-03 4.20637e-05 9.08821e-06 9.55464e-03 2.44294e-05 2.90725e-05 4.55876e-03 2.33142e-04 1.46822e-03 6.86474e-03 1.17857e-04 4.30209e-02 1.47345e-04 
2.77603e-06 1.20300e-05 2.81456e-06 2.24306e-04 6.72509e-06 1.67635e-05 3.24638e-04 7.91007e-05 1.43474e-06 2.77892e-04 1.95240e-06 3.78587e-04 6.37637e-04 5.74718e-05 1.47345e-04 1.85459e-03 

