RIBOSUM

	A	C	G	U
A	2.33
C	-2.20	1.22
G	-1.81	-2.86	1.12
U	-1.77	-1.15	-2.10	1.78


	AA	AC	AG	AU	CA	CC	CG	CU	GA	GC	GG	GU	UA	UC	UG	UU
AA	-1.75
AC	-9.66	-1.98
AG	-8.85	-9.62	-1.70
AU	-5.53	-2.54	-6.52	4.64
CA	-10.13	-11.12	-11.16	-6.45	-2.33
CC	-13.83	-9.87	-13.70	-7.05	-10.68	-2.38
CG	-5.51	-6.21	-5.11	1.46	-3.73	-5.17	5.46
CU	-11.65	-11.08	-7.94	-5.98	-7.89	-6.37	-4.88	-0.75
GA	-8.60	-8.52	-7.76	-6.71	-8.65	-11.84	-3.86	-6.34	-0.90
GC	-5.46	-4.02	-5.92	2.48	-6.10	-4.47	1.81	-6.74	-4.30	5.66
GG	-9.45	-8.68	-5.69	-6.52	-11.88	-13.11	-4.61	-12.48	-6.31	-4.14	-1.97
GU	-7.14	-5.77	-7.16	0.27	-8.14	-8.26	-0.62	-6.45	-6.73	1.03	-6.05	3.57
UA	-4.81	-6.19	-6.67	1.37	-3.33	-7.14	2.54	-4.08	-5.31	1.27	-6.58	-0.97	5.07
UC	-11.62	-8.56	-8.10	-5.92	-8.32	-8.80	-5.88	-4.07	-6.37	-4.73	-12.25	-5.39	-2.83	-3.47
UG	-6.73	-7.85	-5.99	-0.89	-6.35	-9.08	1.03	-8.17	-7.52	-0.25	-4.58	-2.28	0.85	-6.76	3.36
UU	-9.99	-8.04	-10.10	-3.92	-8.36	-6.90	-3.97	-4.53	-11.41	-4.18	-11.33	-5.11	-3.81	-4.99	-5.03	0.05


BASE FREQUENCIES
2.52754e-01 2.23628e-01 3.01554e-01 2.22064e-01 

BASE PAIR FREQUENCIES
1.93632e-03 1.82417e-03 2.65513e-03 1.28342e-01 
1.53356e-03 9.06988e-04 2.62220e-01 2.18967e-03 
4.42779e-03 2.84578e-01 3.36294e-03 7.38430e-02 
1.54387e-01 1.26603e-03 7.27991e-02 3.72860e-03 


BASE MATCH FREQUENCIES
3.20550e-01 1.22758e-02 2.17852e-02 1.64155e-02 1.22758e-02 1.16523e-01 9.32025e-03 2.23912e-02 2.17852e-02 9.32025e-03 1.97827e-01 1.55693e-02 1.64155e-02 2.23912e-02 1.55693e-02 1.69585e-01 

BASE PAIR MATCH FREQUENCIES
1.21457e-03 4.46230e-06 1.05215e-05 7.74980e-05 3.21834e-06 2.19069e-07 9.45103e-05 9.85658e-07 1.25874e-05 9.76241e-05 8.32981e-06 3.04044e-05 1.27388e-04 1.00466e-06 4.02836e-05 3.09069e-06 
4.46230e-06 8.08824e-04 5.46997e-06 5.43988e-04 1.43539e-06 3.03089e-06 5.16627e-05 1.29610e-06 1.17482e-05 2.34656e-04 1.25268e-05 6.94369e-05 4.34035e-05 7.41638e-06 1.63737e-05 1.05646e-05 
1.05215e-05 5.46997e-06 1.79239e-03 4.66901e-05 1.88215e-06 2.86505e-07 1.48585e-04 1.53712e-05 2.68656e-05 8.46021e-05 1.34080e-04 3.55852e-05 4.18708e-05 1.38211e-05 8.00594e-05 3.41678e-06 
7.74980e-05 5.43988e-04 4.66901e-05 7.87179e-02 3.64077e-05 2.11766e-05 1.04304e-02 4.42061e-05 4.07774e-05 2.10621e-02 5.55898e-05 4.53686e-03 8.15773e-03 4.60521e-05 2.02217e-03 1.83282e-04 
3.21834e-06 1.43539e-06 1.88215e-06 3.64077e-05 6.34535e-04 1.71932e-06 2.87487e-04 1.18200e-05 1.07199e-05 5.55901e-05 1.36091e-06 1.34221e-05 3.14969e-04 8.78815e-06 4.62986e-05 8.49433e-06 
2.19069e-07 3.03089e-06 2.86505e-07 2.11766e-05 1.71932e-06 4.81612e-04 9.35724e-05 3.01281e-05 1.03970e-06 1.52553e-04 5.16107e-07 1.09142e-05 1.98884e-05 5.57173e-06 6.17289e-06 2.06966e-05 
9.45103e-05 5.16627e-05 1.48585e-04 1.04304e-02 2.87487e-04 9.35724e-05 1.99742e-01 1.14006e-04 3.53880e-04 1.59486e-02 2.51262e-04 2.93859e-03 2.20821e-02 5.70610e-05 9.22845e-03 2.12658e-04 
9.85658e-07 1.29610e-06 1.53712e-05 4.42061e-05 1.18200e-05 3.01281e-05 1.14006e-04 1.46591e-03 4.67013e-05 3.13178e-05 7.92373e-07 3.80684e-05 1.64407e-04 1.46607e-04 1.15711e-05 1.06084e-04 
1.25874e-05 1.17482e-05 2.68656e-05 4.07774e-05 1.07199e-05 1.03970e-06 3.53880e-04 4.67013e-05 3.10576e-03 2.61306e-04 8.74042e-05 4.81855e-05 1.08207e-04 4.59052e-05 2.77417e-05 1.38082e-06 
9.76241e-05 2.34656e-04 8.46021e-05 2.10621e-02 5.55901e-05 1.52553e-04 1.59486e-02 3.13178e-05 2.61306e-04 2.29751e-01 3.47037e-04 9.22129e-03 9.13352e-03 1.26232e-04 3.80712e-03 1.84005e-04 
8.32981e-06 1.25268e-05 1.34080e-04 5.55898e-05 1.36091e-06 5.16107e-07 2.51262e-04 7.92373e-07 8.74042e-05 3.47037e-04 2.10543e-03 9.21907e-05 5.32456e-05 9.27568e-07 2.55243e-04 1.73650e-06 
3.04044e-05 6.94369e-05 3.55852e-05 4.53686e-03 1.34221e-05 1.09142e-05 2.93859e-03 3.80684e-05 4.81855e-05 9.22129e-03 9.21907e-05 5.31550e-02 1.91934e-03 7.94550e-05 9.24312e-04 9.59099e-05 
1.27388e-04 4.34035e-05 4.18708e-05 8.15773e-03 3.14969e-04 1.98884e-05 2.20821e-02 1.64407e-04 1.08207e-04 9.13352e-03 5.32456e-05 1.91934e-03 1.06134e-01 3.92333e-04 6.79319e-03 1.97519e-04 
1.00466e-06 7.41638e-06 1.38211e-05 4.60521e-05 8.78815e-06 5.57173e-06 5.70610e-05 1.46607e-04 4.59052e-05 1.26232e-04 9.27568e-07 7.94550e-05 3.92333e-04 2.21906e-04 3.05885e-05 7.72938e-05 
4.02836e-05 1.63737e-05 8.00594e-05 2.02217e-03 4.62986e-05 6.17289e-06 9.22845e-03 1.15711e-05 2.77417e-05 3.80712e-03 2.55243e-04 9.24312e-04 6.79319e-03 3.05885e-05 4.60737e-02 1.01384e-04 
3.09069e-06 1.05646e-05 3.41678e-06 1.83282e-04 8.49433e-06 2.06966e-05 2.12658e-04 1.06084e-04 1.38082e-06 1.84005e-04 1.73650e-06 9.59099e-05 1.97519e-04 7.72938e-05 1.01384e-04 2.50974e-03 

