RIBOSUM

	A	C	G	U
A	2.46
C	-3.21	1.45
G	-2.81	-3.74	1.26
U	-2.75	-1.81	-3.08	1.97


	AA	AC	AG	AU	CA	CC	CG	CU	GA	GC	GG	GU	UA	UC	UG	UU
AA	-1.10
AC	-8.86	-1.11
AG	-7.54	-9.87	-1.50
AU	-5.12	-4.56	-6.37	5.07
CA	-9.80	-11.01	-10.46	-7.51	-1.66
CC	-12.74	-8.39	-12.16	-7.51	-10.34	-1.79
CG	-6.41	-7.27	-5.49	0.14	-3.97	-4.91	5.68
CU	-11.85	-12.35	-10.91	-5.36	-8.74	-7.92	-4.93	-0.10
GA	-8.56	-7.53	-7.06	-7.62	-8.07	-13.22	-7.87	-14.15	-0.63
GC	-5.38	-4.09	-7.85	1.52	-6.75	-4.66	0.28	-7.09	-5.61	5.81
GG	-10.51	-11.69	-6.64	-7.82	-12.69	-13.77	-5.71	-13.38	-7.16	-5.52	-1.71
GU	-7.09	-6.11	-8.64	-0.36	-8.62	-8.97	-1.50	-6.26	-6.80	0.40	-6.47	3.77
UA	-5.06	-7.11	-7.73	-0.08	-4.07	-7.84	1.59	-6.66	-6.57	-0.31	-7.71	-2.40	5.33
UC	-11.74	-8.22	-9.64	-6.97	-10.99	-8.69	-6.73	-5.58	-13.66	-5.01	-12.53	-5.57	-4.96	-2.08
UG	-7.01	-8.62	-6.39	-2.22	-6.10	-9.30	0.74	-8.10	-9.00	-1.78	-6.20	-2.94	-0.00	-6.90	3.66
UU	-9.46	-8.05	-10.02	-3.81	-9.26	-6.53	-4.56	-7.14	-12.94	-5.15	-11.57	-5.07	-4.18	-5.06	-5.41	0.16


BASE FREQUENCIES
2.48866e-01 2.24902e-01 2.99819e-01 2.26414e-01 

BASE PAIR FREQUENCIES
2.36561e-03 1.99215e-03 2.50502e-03 1.29494e-01 
1.63430e-03 1.15261e-03 2.65333e-01 2.79356e-03 
4.00112e-03 2.81392e-01 2.99969e-03 7.50042e-02 
1.49623e-01 1.13363e-03 7.46857e-02 3.88955e-03 


BASE MATCH FREQUENCIES
3.40154e-01 6.03740e-03 1.06169e-02 8.39534e-03 6.03740e-03 1.38050e-01 5.05841e-03 1.45644e-02 1.06169e-02 5.05841e-03 2.15524e-01 8.04327e-03 8.39534e-03 1.45644e-02 8.04327e-03 2.00840e-01 

BASE PAIR MATCH FREQUENCIES
1.78462e-03 7.47203e-06 2.47631e-05 1.00545e-04 3.90175e-06 4.56788e-07 4.92595e-05 8.56637e-07 1.22650e-05 1.00594e-04 3.82595e-06 3.08096e-05 1.04882e-04 9.19472e-07 3.26781e-05 4.50493e-06 
7.47203e-06 1.45457e-03 4.45386e-06 1.33395e-04 1.51759e-06 8.44256e-06 2.45014e-05 5.45920e-07 2.25419e-05 2.22088e-04 1.52662e-06 5.48210e-05 2.28544e-05 9.57211e-06 9.64138e-06 1.08581e-05 
2.47631e-05 4.45386e-06 1.96207e-03 5.08325e-05 2.96550e-06 8.23618e-07 1.12119e-04 1.97596e-06 4.16484e-05 2.18009e-05 6.74748e-05 1.26814e-05 1.97760e-05 4.77854e-06 6.04939e-05 3.67394e-06 
1.00545e-04 1.33395e-04 5.08325e-05 1.06286e-01 1.73246e-05 1.56713e-05 4.19334e-03 6.96835e-05 2.13436e-05 1.08640e-02 2.24417e-05 2.97228e-03 2.99338e-03 2.28253e-05 8.23573e-04 2.05734e-04 
3.90175e-06 1.51759e-06 2.96550e-06 1.73246e-05 9.90459e-04 2.18704e-06 2.40391e-04 6.66352e-06 1.55928e-05 3.51297e-05 7.61497e-07 9.66357e-06 1.88396e-04 1.39997e-06 5.52037e-05 4.68603e-06 
4.56788e-07 8.44256e-06 8.23618e-07 1.56713e-05 2.18704e-06 7.41380e-04 1.13241e-04 1.06474e-05 3.96689e-07 1.34462e-04 3.25536e-07 6.85213e-06 1.24419e-05 6.24812e-06 5.44001e-06 2.80293e-05 
4.92595e-05 2.45014e-05 1.12119e-04 4.19334e-03 2.40391e-04 1.13241e-04 2.33720e-01 1.12373e-04 2.15322e-05 5.51225e-03 1.16015e-04 1.62171e-03 1.14728e-02 3.23481e-05 7.65220e-03 1.46484e-04 
8.56637e-07 5.45920e-07 1.97596e-06 6.96835e-05 6.66352e-06 1.06474e-05 1.12373e-04 2.41502e-03 2.09580e-07 2.52781e-05 4.29165e-07 4.51388e-05 2.83058e-05 5.40742e-05 1.26282e-05 1.85531e-05 
1.22650e-05 2.25419e-05 4.16484e-05 2.13436e-05 1.55928e-05 3.96689e-07 2.15322e-05 2.09580e-07 3.60426e-03 1.03093e-04 4.68900e-05 4.53293e-05 4.43590e-05 2.94246e-07 9.91762e-06 4.87970e-07 
1.00594e-04 2.22088e-04 2.18009e-05 1.08640e-02 3.51297e-05 1.34462e-04 5.51225e-03 2.52781e-05 1.03093e-04 2.55824e-01 1.31643e-04 6.03549e-03 3.05633e-03 1.06338e-04 1.33289e-03 9.75591e-05 
3.82595e-06 1.52662e-06 6.74748e-05 2.24417e-05 7.61497e-07 3.25536e-07 1.16015e-04 4.29165e-07 4.68900e-05 1.31643e-04 2.46157e-03 6.86434e-05 2.42056e-05 7.72917e-07 8.31333e-05 1.51169e-06 
3.08096e-05 5.48210e-05 1.26814e-05 2.97228e-03 9.66357e-06 6.85213e-06 1.62171e-03 4.51388e-05 4.53293e-05 6.03549e-03 6.86434e-05 6.26550e-02 7.22938e-04 7.26696e-05 5.99349e-04 1.03362e-04 
1.04882e-04 2.28544e-05 1.97760e-05 2.99338e-03 1.88396e-04 1.24419e-05 1.14728e-02 2.83058e-05 4.43590e-05 3.05633e-03 2.42056e-05 7.22938e-04 1.27543e-01 9.22782e-05 3.81954e-03 1.59112e-04 
9.19472e-07 9.57211e-06 4.77854e-06 2.28253e-05 1.39997e-06 6.24812e-06 3.23481e-05 5.40742e-05 2.94246e-07 1.06338e-04 7.72917e-07 7.26696e-05 9.22782e-05 6.11561e-04 2.90257e-05 7.81832e-05 
3.26781e-05 9.64138e-06 6.04939e-05 8.23573e-04 5.52037e-05 5.44001e-06 7.65220e-03 1.26282e-05 9.91762e-06 1.33289e-03 8.31333e-05 5.99349e-04 3.81954e-03 2.90257e-05 5.83647e-02 8.19543e-05 
4.50493e-06 1.08581e-05 3.67394e-06 2.05734e-04 4.68603e-06 2.80293e-05 1.46484e-04 1.85531e-05 4.87970e-07 9.75591e-05 1.51169e-06 1.03362e-04 1.59112e-04 7.81832e-05 8.19543e-05 2.93214e-03 

