RIBOSUM

	A	C	G	U
A	2.29
C	-2.23	1.27
G	-1.84	-2.79	1.16
U	-1.85	-1.10	-2.15	1.76


	AA	AC	AG	AU	CA	CC	CG	CU	GA	GC	GG	GU	UA	UC	UG	UU
AA	-1.24
AC	-9.39	-1.56
AG	-8.73	-9.65	-1.77
AU	-5.50	-2.80	-6.45	4.72
CA	-9.92	-11.04	-11.27	-6.56	-1.81
CC	-13.83	-9.36	-13.43	-7.04	-10.27	-1.78
CG	-5.45	-6.08	-4.93	1.33	-3.44	-5.14	5.54
CU	-11.30	-10.89	-8.12	-6.11	-7.87	-5.99	-4.84	-0.35
GA	-8.76	-8.70	-8.04	-6.90	-8.68	-11.94	-3.99	-6.50	-0.90
GC	-5.35	-3.96	-6.02	2.37	-5.89	-4.32	1.78	-6.79	-4.34	5.73
GG	-9.64	-8.81	-5.39	-6.78	-11.67	-13.12	-4.62	-12.65	-6.41	-4.21	-2.07
GU	-7.11	-5.77	-6.96	0.24	-8.09	-8.19	-0.72	-6.59	-6.72	1.04	-6.07	3.54
UA	-4.77	-6.28	-6.80	1.12	-3.48	-7.21	2.44	-4.21	-5.48	1.13	-6.73	-1.19	5.05
UC	-11.35	-8.31	-8.22	-5.92	-8.48	-8.51	-5.80	-4.32	-6.55	-4.69	-12.21	-5.17	-3.04	-3.49
UG	-6.77	-7.84	-5.63	-1.11	-6.24	-9.06	1.03	-8.30	-7.72	-0.34	-4.62	-2.41	0.70	-6.95	3.37
UU	-9.85	-7.82	-9.91	-3.89	-8.01	-6.70	-3.80	-4.19	-11.65	-3.97	-11.41	-4.96	-3.88	-4.62	-5.02	-0.11


BASE FREQUENCIES
2.53688e-01 2.21362e-01 2.95827e-01 2.29123e-01 

BASE PAIR FREQUENCIES
2.52878e-03 2.01619e-03 2.51630e-03 1.34308e-01 
1.85903e-03 1.15221e-03 2.57927e-01 2.69787e-03 
4.16620e-03 2.78715e-01 3.03686e-03 7.40103e-02 
1.56627e-01 1.28254e-03 7.31546e-02 4.00179e-03 


BASE MATCH FREQUENCIES
3.13908e-01 1.19994e-02 2.09683e-02 1.61427e-02 1.19994e-02 1.18247e-01 9.46386e-03 2.36325e-02 2.09683e-02 9.46386e-03 1.95396e-01 1.53138e-02 1.61427e-02 2.36325e-02 1.53138e-02 1.77407e-01 

BASE PAIR MATCH FREQUENCIES
1.75293e-03 5.40170e-06 1.13492e-05 8.28868e-05 3.73938e-06 2.16987e-07 9.66446e-05 1.29112e-06 1.11245e-05 1.03083e-04 7.06837e-06 3.15628e-05 1.36686e-04 1.25007e-06 3.99219e-05 3.66406e-06 
5.40170e-06 1.06998e-03 5.23403e-06 4.69498e-04 1.49716e-06 4.17702e-06 5.45245e-05 1.49647e-06 1.01558e-05 2.36308e-04 1.09731e-05 6.97592e-05 4.21020e-05 8.96402e-06 1.65728e-05 1.30280e-05 
1.13492e-05 5.23403e-06 1.65214e-03 5.00099e-05 1.70582e-06 3.32901e-07 1.60684e-04 1.36558e-05 2.13511e-05 7.59201e-05 1.56364e-04 4.07930e-05 3.92426e-05 1.27979e-05 1.02530e-04 4.10783e-06 
8.28868e-05 4.69498e-04 5.00099e-05 8.88615e-02 3.45957e-05 2.15995e-05 9.57936e-03 4.26959e-05 3.64261e-05 1.96473e-02 4.62524e-05 4.65401e-03 7.36684e-03 4.86736e-05 1.82550e-03 2.05763e-04 
3.73938e-06 1.49716e-06 1.70582e-06 3.45957e-05 9.00799e-04 2.22770e-06 3.39318e-04 1.21551e-05 1.02690e-05 6.21839e-05 1.50416e-06 1.39216e-05 2.91930e-04 7.99458e-06 5.05197e-05 1.14640e-05 
2.16987e-07 4.17702e-06 3.32901e-07 2.15995e-05 2.22770e-06 7.00839e-04 9.07091e-05 3.89956e-05 9.36468e-07 1.61168e-04 4.82441e-07 1.14016e-05 1.92433e-05 6.80732e-06 6.23560e-06 2.47027e-05 
9.66446e-05 5.45245e-05 1.60684e-04 9.57936e-03 3.39318e-04 9.07091e-05 1.98929e-01 1.16224e-04 3.09664e-04 1.47766e-02 2.33504e-04 2.69571e-03 2.06832e-02 5.97881e-05 9.03397e-03 2.46573e-04 
1.29112e-06 1.49647e-06 1.36558e-05 4.26959e-05 1.21551e-05 3.89956e-05 1.16224e-04 2.01353e-03 4.20052e-05 2.99567e-05 6.91178e-07 3.55725e-05 1.58841e-04 1.28453e-04 1.08786e-05 1.46198e-04 
1.11245e-05 1.01558e-05 2.13511e-05 3.64261e-05 1.02690e-05 9.36468e-07 3.09664e-04 4.20052e-05 3.01446e-03 2.42921e-04 7.70961e-05 4.81619e-05 9.76213e-05 4.06236e-05 2.41559e-05 1.22516e-06 
1.03083e-04 2.36308e-04 7.59201e-05 1.96473e-02 6.21839e-05 1.61168e-04 1.47766e-02 2.99567e-05 2.42921e-04 2.26979e-01 3.09134e-04 9.14144e-03 8.30212e-03 1.29007e-04 3.49480e-03 2.20042e-04 
7.06837e-06 1.09731e-05 1.56364e-04 4.62524e-05 1.50416e-06 4.82441e-07 2.33504e-04 6.91178e-07 7.70961e-05 3.09134e-04 1.81956e-03 8.83047e-05 4.77599e-05 9.37477e-07 2.40941e-04 1.69059e-06 
3.15628e-05 6.97592e-05 4.07930e-05 4.65401e-03 1.39216e-05 1.14016e-05 2.69571e-03 3.55725e-05 4.81619e-05 9.14144e-03 8.83047e-05 5.35014e-02 1.73180e-03 9.52628e-05 8.67097e-04 1.14678e-04 
1.36686e-04 4.21020e-05 3.92426e-05 7.36684e-03 2.91930e-04 1.92433e-05 2.06832e-02 1.58841e-04 9.76213e-05 8.30212e-03 4.77599e-05 1.73180e-03 1.12309e-01 3.59355e-04 6.38437e-03 2.06805e-04 
1.25007e-06 8.96402e-06 1.27979e-05 4.86736e-05 7.99458e-06 6.80732e-06 5.97881e-05 1.28453e-04 4.06236e-05 1.29007e-04 9.37477e-07 9.52628e-05 3.59355e-04 2.29140e-04 2.78890e-05 1.08488e-04 
3.99219e-05 1.65728e-05 1.02530e-04 1.82550e-03 5.05197e-05 6.23560e-06 9.03397e-03 1.08786e-05 2.41559e-05 3.49480e-03 2.40941e-04 8.67097e-04 6.38437e-03 2.78890e-05 4.76039e-02 1.09337e-04 
3.66406e-06 1.30280e-05 4.10783e-06 2.05763e-04 1.14640e-05 2.47027e-05 2.46573e-04 1.46198e-04 1.22516e-06 2.20042e-04 1.69059e-06 1.14678e-04 2.06805e-04 1.08488e-04 1.09337e-04 2.55533e-03 

