RIBOSUM

	A	C	G	U
A	2.36
C	-2.39	1.28
G	-2.01	-2.99	1.16
U	-2.00	-1.22	-2.31	1.83


	AA	AC	AG	AU	CA	CC	CG	CU	GA	GC	GG	GU	UA	UC	UG	UU
AA	-1.38
AC	-9.53	-1.75
AG	-8.92	-10.10	-1.65
AU	-5.63	-2.95	-6.50	4.78
CA	-10.17	-11.47	-11.26	-6.74	-2.00
CC	-14.12	-9.56	-13.52	-7.38	-10.61	-2.00
CG	-5.80	-6.33	-5.07	1.24	-3.69	-5.24	5.51
CU	-11.33	-11.78	-7.80	-6.28	-7.95	-7.10	-4.95	-0.51
GA	-9.32	-8.35	-8.65	-7.25	-8.76	-11.95	-4.03	-6.05	-0.86
GC	-5.44	-4.11	-6.54	2.27	-6.12	-4.57	1.61	-7.19	-4.37	5.69
GG	-10.02	-8.99	-5.55	-7.14	-12.31	-13.65	-4.56	-12.65	-6.67	-4.34	-2.00
GU	-7.28	-6.00	-7.42	0.12	-8.44	-8.49	-0.89	-6.97	-7.05	0.91	-6.20	3.61
UA	-4.91	-6.56	-6.72	1.11	-3.68	-7.46	2.35	-4.38	-5.22	1.00	-7.01	-1.33	5.15
UC	-11.76	-8.84	-8.16	-6.48	-8.62	-8.93	-6.03	-4.38	-6.35	-4.91	-12.46	-5.24	-2.85	-3.44
UG	-6.80	-8.00	-5.86	-1.17	-6.43	-9.26	0.96	-8.46	-7.80	-0.45	-4.81	-2.42	0.68	-7.14	3.44
UU	-9.94	-8.23	-10.35	-3.86	-8.15	-7.42	-3.99	-4.62	-11.93	-4.27	-11.45	-5.09	-4.01	-4.65	-5.02	0.07


BASE FREQUENCIES
2.50888e-01 2.24582e-01 3.00801e-01 2.23729e-01 

BASE PAIR FREQUENCIES
2.23019e-03 1.78900e-03 2.56192e-03 1.28501e-01 
1.62079e-03 1.02720e-03 2.63590e-01 2.39231e-03 
4.32305e-03 2.84065e-01 3.16386e-03 7.40332e-02 
1.52516e-01 1.23817e-03 7.31359e-02 3.81184e-03 


BASE MATCH FREQUENCIES
3.22986e-01 1.07850e-02 1.87368e-02 1.40082e-02 1.07850e-02 1.22217e-01 8.50757e-03 2.15031e-02 1.87368e-02 8.50757e-03 2.02321e-01 1.35798e-02 1.40082e-02 2.15031e-02 1.35798e-02 1.78234e-01 

BASE PAIR MATCH FREQUENCIES
1.52645e-03 4.78560e-06 9.82098e-06 7.15728e-05 3.07576e-06 1.78212e-07 7.64557e-05 1.22947e-06 7.42749e-06 9.81085e-05 5.49558e-06 2.72427e-05 1.17786e-04 9.09026e-07 3.79771e-05 3.20720e-06 
4.78560e-06 9.42682e-04 3.88255e-06 4.08751e-04 1.11992e-06 3.75675e-06 4.74754e-05 8.03771e-07 1.30314e-05 2.20386e-04 9.99332e-06 5.91297e-05 3.34879e-05 6.16801e-06 1.48357e-05 9.36346e-06 
9.82098e-06 3.88255e-06 1.81233e-03 4.67455e-05 1.73162e-06 3.24509e-07 1.51961e-04 1.70393e-05 1.41293e-05 5.47711e-05 1.45430e-04 2.95874e-05 4.00516e-05 1.32936e-05 8.74514e-05 2.90161e-06 
7.15728e-05 4.08751e-04 4.67455e-05 8.63483e-02 2.94955e-05 1.70210e-05 8.97001e-03 3.62859e-05 2.77610e-05 1.82604e-02 3.59945e-05 4.11852e-03 6.78617e-03 3.17034e-05 1.67756e-03 1.93703e-04 
3.07576e-06 1.11992e-06 1.73162e-06 2.94955e-05 7.92329e-04 1.82403e-06 2.94644e-04 1.14162e-05 9.80923e-06 5.45651e-05 1.00611e-06 1.09190e-05 2.47281e-04 7.18674e-06 4.40625e-05 9.93121e-06 
1.78212e-07 3.75675e-06 3.24509e-07 1.70210e-05 1.82403e-06 6.37432e-04 9.00949e-05 1.84749e-05 9.62060e-07 1.43349e-04 3.55565e-07 9.43756e-06 1.60906e-05 5.21374e-06 5.54556e-06 1.47205e-05 
7.64557e-05 4.74754e-05 1.51961e-04 8.97001e-03 2.94644e-04 9.00949e-05 2.07743e-01 1.09468e-04 3.11036e-04 1.39250e-02 2.59620e-04 2.45159e-03 1.93924e-02 5.21014e-05 8.84309e-03 2.12442e-04 
1.22947e-06 8.03771e-07 1.70393e-05 3.62859e-05 1.14162e-05 1.84749e-05 1.09468e-04 1.77889e-03 5.72563e-05 2.32081e-05 7.09457e-07 2.70112e-05 1.35575e-04 1.21653e-04 9.59160e-06 1.02090e-04 
7.42749e-06 1.30314e-05 1.41293e-05 2.77610e-05 9.80923e-06 9.62060e-07 3.11036e-04 5.72563e-05 3.14722e-03 2.45729e-04 6.71530e-05 3.82223e-05 1.13773e-04 4.65794e-05 2.28238e-05 9.68462e-07 
9.81085e-05 2.20386e-04 5.47711e-05 1.82604e-02 5.45651e-05 1.43349e-04 1.39250e-02 2.32081e-05 2.45729e-04 2.35484e-01 3.01473e-04 8.54254e-03 7.59761e-03 1.12738e-04 3.33058e-03 1.75679e-04 
5.49558e-06 9.99332e-06 1.45430e-04 3.59945e-05 1.00611e-06 3.55565e-07 2.59620e-04 7.09457e-07 6.71530e-05 3.01473e-04 2.04184e-03 8.27245e-05 3.93454e-05 8.08071e-07 2.16429e-04 1.61371e-06 
2.72427e-05 5.91297e-05 2.95874e-05 4.11852e-03 1.09190e-05 9.43756e-06 2.45159e-03 2.70112e-05 3.82223e-05 8.54254e-03 8.27245e-05 5.53504e-02 1.50529e-03 8.95477e-05 8.48238e-04 9.91592e-05 
1.17786e-04 3.34879e-05 4.00516e-05 6.78617e-03 2.47281e-04 1.60906e-05 1.93924e-02 1.35575e-04 1.13773e-04 7.59761e-03 3.93454e-05 1.50529e-03 1.11613e-01 3.90874e-04 6.05502e-03 1.73876e-04 
9.09026e-07 6.16801e-06 1.32936e-05 3.17034e-05 7.18674e-06 5.21374e-06 5.21014e-05 1.21653e-04 4.65794e-05 1.12738e-04 8.08071e-07 8.95477e-05 3.90874e-04 2.32475e-04 2.39582e-05 1.00254e-04 
3.79771e-05 1.48357e-05 8.74514e-05 1.67756e-03 4.40625e-05 5.54556e-06 8.84309e-03 9.59160e-06 2.28238e-05 3.33058e-03 2.16429e-04 8.48238e-04 6.05502e-03 2.39582e-05 4.90385e-02 1.03588e-04 
3.20720e-06 9.36346e-06 2.90161e-06 1.93703e-04 9.93121e-06 1.47205e-05 2.12442e-04 1.02090e-04 9.68462e-07 1.75679e-04 1.61371e-06 9.91592e-05 1.73876e-04 1.00254e-04 1.03588e-04 2.62115e-03 

