RIBOSUM

	A	C	G	U
A	1.89
C	-1.09	0.92
G	-0.82	-1.41	0.85
U	-0.88	-0.59	-1.07	1.24


	AA	AC	AG	AU	CA	CC	CG	CU	GA	GC	GG	GU	UA	UC	UG	UU
AA	-2.98
AC	-8.43	-1.61
AG	-8.61	-10.31	-2.61
AU	-4.64	-1.71	-5.80	4.06
CA	-9.59	-10.82	-10.06	-5.33	-3.27
CC	-12.15	-8.21	-13.59	-2.65	-10.47	-3.64
CG	-3.43	-4.78	-4.00	2.17	-2.95	-4.33	5.24
CU	-11.38	-9.03	-8.79	-3.93	-8.34	-5.93	-4.03	-1.50
GA	-7.88	-10.05	-8.37	-4.61	-7.49	-12.23	-4.40	-8.10	-1.79
GC	-4.89	-3.46	-5.41	2.99	-4.62	-3.19	2.94	-2.13	-2.38	5.55
GG	-9.09	-9.55	-4.51	-5.24	-11.33	-12.48	-4.56	-9.79	-6.70	-3.75	-2.12
GU	-5.59	-4.26	-6.55	0.71	-6.37	-6.94	0.44	-4.15	-5.95	1.54	-5.65	3.15
UA	-2.53	-5.18	-2.90	1.87	-2.98	-5.94	3.08	-4.43	-4.62	2.02	-6.04	0.03	4.53
UC	-10.55	-8.28	-8.62	-4.25	-8.70	-7.87	-4.59	-4.73	-7.19	-3.55	-10.99	-4.58	-3.60	-4.26
UG	-3.69	-6.69	-5.99	-0.55	-5.64	-7.53	1.32	-6.36	-6.88	0.33	-4.53	-1.34	0.93	-4.58	3.07
UU	-9.50	-7.42	-10.56	-2.89	-8.38	-6.32	-2.97	-5.18	-10.55	-2.78	-9.66	-3.08	-1.76	-6.55	-3.92	-1.22


BASE FREQUENCIES
2.58554e-01 2.18425e-01 2.92495e-01 2.30527e-01 

BASE PAIR FREQUENCIES
2.56884e-03 2.59861e-03 2.58200e-03 1.37146e-01 
2.18465e-03 1.18003e-03 2.53355e-01 2.84435e-03 
3.98082e-03 2.77212e-01 3.19611e-03 7.23210e-02 
1.59837e-01 1.36258e-03 7.34449e-02 4.18560e-03 


BASE MATCH FREQUENCIES
2.47396e-01 2.64852e-02 4.29559e-02 3.23235e-02 2.64852e-02 9.01150e-02 2.40877e-02 3.35231e-02 4.29559e-02 2.40877e-02 1.53933e-01 3.21888e-02 3.23235e-02 3.35231e-02 3.21888e-02 1.25428e-01 

BASE PAIR MATCH FREQUENCIES
5.66766e-04 1.09598e-05 1.29406e-05 1.59886e-04 4.88994e-06 7.01663e-07 3.95713e-04 1.25879e-06 2.14282e-05 1.43808e-04 1.04592e-05 9.37882e-05 6.90065e-04 2.24244e-06 3.49562e-04 4.89965e-06 
1.09598e-05 1.04636e-03 3.35610e-06 1.03192e-03 1.76065e-06 9.06787e-06 1.31694e-04 5.44668e-06 4.02686e-06 3.27825e-04 6.45768e-06 1.98223e-04 9.28465e-05 9.12526e-06 3.68580e-05 1.74929e-05 
1.29406e-05 3.35610e-06 9.36880e-04 8.09953e-05 3.99626e-06 2.92621e-07 3.02674e-04 8.58184e-06 1.73387e-05 1.13307e-04 2.83396e-04 5.45145e-05 6.04622e-04 9.68158e-06 8.04253e-05 2.65740e-06 
1.59886e-04 1.03192e-03 8.09953e-05 5.92137e-02 8.34167e-05 4.52239e-04 1.71671e-02 1.96523e-04 1.85037e-04 3.02747e-02 1.35060e-04 6.55938e-03 1.29874e-02 1.58056e-04 2.74218e-03 4.26672e-04 
4.88994e-06 1.76065e-06 3.99626e-06 8.34167e-05 3.31083e-04 1.89733e-06 4.66553e-04 8.75062e-06 2.37170e-05 1.46284e-04 1.87355e-06 4.59430e-05 4.26988e-04 6.84388e-06 7.61578e-05 9.02090e-06 
7.01663e-07 9.06787e-06 2.92621e-07 4.52239e-04 1.89733e-06 1.82708e-04 1.51928e-04 3.93594e-05 7.51607e-07 3.33894e-04 7.15210e-07 2.62357e-05 4.64552e-05 1.02918e-05 1.74391e-05 3.16623e-05 
3.95713e-04 1.31694e-04 3.02674e-04 1.71671e-02 4.66553e-04 1.51928e-04 1.54702e-01 1.96783e-04 2.28765e-04 3.12250e-02 2.32383e-04 5.85189e-03 3.21947e-02 1.33816e-04 1.07408e-02 4.32828e-04 
1.25879e-06 5.44668e-06 8.58184e-06 1.96523e-04 8.75062e-06 3.93594e-05 1.96783e-04 8.98252e-04 1.38596e-05 7.34105e-04 4.85703e-06 1.90723e-04 1.39580e-04 9.55903e-05 4.12742e-05 7.36962e-05 
2.14282e-05 4.02686e-06 1.73387e-05 1.85037e-04 2.37170e-05 7.51607e-07 2.28765e-04 1.38596e-05 1.65763e-03 9.30750e-04 6.23699e-05 8.22455e-05 1.82759e-04 2.60868e-05 4.31888e-05 2.68773e-06 
1.43808e-04 3.27825e-04 1.13307e-04 3.02747e-02 1.46284e-04 3.33894e-04 3.12250e-02 7.34105e-04 9.30750e-04 1.90812e-01 4.06578e-04 1.25388e-02 1.54596e-02 2.75522e-04 5.40757e-03 4.92914e-04 
1.04592e-05 6.45768e-06 2.83396e-04 1.35060e-04 1.87355e-06 7.15210e-07 2.32383e-04 4.85703e-06 6.23699e-05 4.06578e-04 1.67805e-03 1.14486e-04 7.74251e-05 2.11392e-06 2.49695e-04 5.62720e-06 
9.37882e-05 1.98223e-04 5.45145e-05 6.55938e-03 4.59430e-05 2.62357e-05 5.85189e-03 1.90723e-04 8.22455e-05 1.25388e-02 1.14486e-04 4.02230e-02 4.10555e-03 1.41813e-04 1.80004e-03 4.23160e-04 
6.90065e-04 9.28465e-05 6.04622e-04 1.29874e-02 4.26988e-04 4.64552e-05 3.21947e-02 1.39580e-04 1.82759e-04 1.54596e-02 7.74251e-05 4.10555e-03 8.19243e-02 2.47706e-04 7.66264e-03 9.36708e-04 
2.24244e-06 9.12526e-06 9.68158e-06 1.58056e-04 6.84388e-06 1.02918e-05 1.33816e-04 9.55903e-05 2.60868e-05 2.75522e-04 2.11392e-06 1.41813e-04 2.47706e-04 1.32403e-04 1.41909e-04 2.86267e-05 
3.49562e-04 3.68580e-05 8.04253e-05 2.74218e-03 7.61578e-05 1.74391e-05 1.07408e-02 4.12742e-05 4.31888e-05 5.40757e-03 2.49695e-04 1.80004e-03 7.66264e-03 1.41909e-04 3.80845e-02 2.36498e-04 
4.89965e-06 1.74929e-05 2.65740e-06 4.26672e-04 9.02090e-06 3.16623e-05 4.32828e-04 7.36962e-05 2.68773e-06 4.92914e-04 5.62720e-06 4.23160e-04 9.36708e-04 2.86267e-05 2.36498e-04 1.21605e-03 

