RIBOSUM

	A	C	G	U
A	2.43
C	-5.10	1.75
G	-4.83	-5.81	1.46
U	-4.53	-3.01	-5.10	2.04


	AA	AC	AG	AU	CA	CC	CG	CU	GA	GC	GG	GU	UA	UC	UG	UU
AA	0.16
AC	-9.08	-0.63
AG	-8.56	-9.45	-1.12
AU	-6.93	-6.34	-8.87	5.32
CA	-9.07	-11.97	-10.79	-11.12	-0.80
CC	-18.06	-9.54	-13.64	-10.22	-10.69	-0.65
CG	-8.91	-9.30	-5.04	-3.18	-4.59	-6.06	5.92
CU	-15.08	-15.10	-12.88	-7.40	-12.38	-10.04	-6.19	0.30
GA	-10.88	-14.29	-10.22	-10.14	-11.16	-16.94	-11.67	-inf	-0.66
GC	-9.38	-4.08	-9.96	-1.15	-10.90	-5.60	-3.13	-10.01	-6.67	6.01
GG	-13.20	-11.50	-8.68	-10.07	-12.38	-15.14	-6.72	-15.25	-10.36	-4.17	-2.00
GU	-10.28	-7.41	-11.43	-2.13	-12.33	-9.77	-4.96	-6.91	-7.93	-0.75	-6.28	3.86
UA	-8.37	-10.75	-10.84	-3.92	-4.20	-9.57	-1.01	-10.06	-8.44	-3.87	-9.54	-5.63	5.39
UC	-12.22	-9.31	-14.05	-11.00	-12.58	-8.62	-8.76	-9.94	-16.56	-5.07	-11.94	-8.29	-6.86	-1.07
UG	-10.56	-11.58	-8.06	-5.29	-7.99	-11.40	-1.07	-10.84	-10.03	-5.02	-6.18	-6.52	-2.31	-8.15	3.88
UU	-16.96	-11.47	-14.49	-6.77	-11.03	-10.04	-7.44	-9.76	-16.03	-7.50	-13.78	-6.13	-5.54	-6.00	-6.91	0.30


BASE FREQUENCIES
2.49738e-01 2.22665e-01 2.86722e-01 2.40875e-01 

BASE PAIR FREQUENCIES
4.54870e-03 2.31512e-03 2.60177e-03 1.47710e-01 
2.14723e-03 1.71604e-03 2.51546e-01 3.63912e-03 
3.31837e-03 2.68462e-01 2.21920e-03 7.34193e-02 
1.55934e-01 1.62995e-03 7.43443e-02 4.44902e-03 


BASE MATCH FREQUENCIES
3.35453e-01 1.61753e-03 2.51455e-03 2.60070e-03 1.61753e-03 1.67316e-01 1.13662e-03 6.63758e-03 2.51455e-03 1.13662e-03 2.26230e-01 2.01803e-03 2.60070e-03 6.63758e-03 2.01803e-03 2.37951e-01 

BASE PAIR MATCH FREQUENCIES
4.35088e-03 6.38645e-06 1.18727e-05 3.07716e-05 6.46571e-06 1.13235e-08 8.27181e-06 9.62497e-08 2.36661e-06 5.95616e-06 5.43528e-07 3.46499e-06 1.13122e-05 7.02056e-07 2.85918e-06 2.83087e-08 
6.38645e-06 2.00505e-03 5.69572e-06 4.13081e-05 7.69997e-07 3.69146e-06 5.63344e-06 8.49262e-08 1.98161e-07 2.10322e-04 1.57963e-06 2.26413e-05 1.94198e-06 4.71057e-06 1.25691e-06 1.13801e-06 
1.18727e-05 5.69572e-06 2.35258e-03 9.20034e-06 2.25337e-06 2.77425e-07 1.39296e-04 5.09557e-07 4.30859e-06 4.57469e-06 1.43978e-05 1.78911e-06 2.34962e-06 2.26470e-07 1.84856e-05 1.81176e-07 
3.07716e-05 4.13081e-05 9.20034e-06 1.44278e-01 1.50602e-06 2.50249e-06 4.24263e-04 1.90801e-05 3.81035e-06 1.73311e-03 4.59168e-06 9.52277e-04 2.39214e-04 1.57397e-06 1.06067e-04 3.19153e-05 
6.46571e-06 7.69997e-07 2.25337e-06 1.50602e-06 1.77131e-03 1.67021e-06 1.46990e-04 5.60513e-07 1.73816e-06 1.85705e-06 8.54923e-07 7.47350e-07 1.82416e-04 4.86910e-07 1.51338e-05 1.54566e-06 
1.13235e-08 3.69146e-06 2.77425e-07 2.50249e-06 1.67021e-06 1.56787e-03 4.74171e-05 2.53080e-06 2.83087e-08 6.53705e-05 1.13235e-07 3.91227e-06 3.92925e-06 6.74314e-06 1.26823e-06 2.73462e-06 
8.27181e-06 5.63344e-06 1.39296e-04 4.24263e-04 1.46990e-04 4.74171e-05 2.46040e-01 4.68962e-05 1.40411e-06 4.64756e-04 4.97498e-05 1.41193e-04 1.91298e-03 7.90380e-06 2.10377e-03 2.12712e-05 
9.62497e-08 8.49262e-08 5.09557e-07 1.90801e-05 5.60513e-07 2.53080e-06 4.68962e-05 3.55025e-03 0.00000e+00 3.31212e-06 1.13235e-07 3.08565e-05 3.02903e-06 2.93845e-06 2.02124e-06 3.58955e-06 
2.36661e-06 1.98161e-07 4.30859e-06 3.81035e-06 1.73816e-06 2.83087e-08 1.40411e-06 0.00000e+00 3.23412e-03 4.47901e-05 4.46712e-06 2.02294e-05 1.23766e-05 3.96322e-08 4.73888e-06 6.22792e-08 
5.95616e-06 2.10322e-04 4.57469e-06 1.73311e-03 1.85705e-06 6.53705e-05 4.64756e-04 3.31212e-06 4.47901e-05 2.63341e-01 2.90895e-04 2.62325e-03 2.63192e-04 1.02093e-04 1.35689e-04 2.04446e-05 
5.43528e-07 1.57963e-06 1.43978e-05 4.59168e-06 8.54923e-07 1.13235e-07 4.97498e-05 1.13235e-07 4.46712e-06 2.90895e-04 1.68454e-03 7.33083e-05 6.62424e-06 1.12103e-06 7.80924e-05 3.39705e-07 
3.46499e-06 2.26413e-05 1.78911e-06 9.52277e-04 7.47350e-07 3.91227e-06 1.41193e-04 3.08565e-05 2.02294e-05 2.62325e-03 7.33083e-05 6.93272e-02 8.39863e-05 1.18387e-05 5.20881e-05 5.71610e-05 
1.13122e-05 1.94198e-06 2.34962e-06 2.39214e-04 1.82416e-04 3.92925e-06 1.91298e-03 3.02903e-06 1.23766e-05 2.63192e-04 6.62424e-06 8.39863e-05 1.52106e-01 2.78218e-05 8.35572e-04 7.51257e-05 
7.02056e-07 4.71057e-06 2.26470e-07 1.57397e-06 4.86910e-07 6.74314e-06 7.90380e-06 2.93845e-06 3.96322e-08 1.02093e-04 1.12103e-06 1.18387e-05 2.78218e-05 1.36622e-03 1.30164e-05 4.86231e-05 
2.85918e-06 1.25691e-06 1.84856e-05 1.06067e-04 1.51338e-05 1.26823e-06 2.10377e-03 2.02124e-06 4.73888e-06 1.35689e-04 7.80924e-05 5.20881e-05 8.35572e-04 1.30164e-05 7.02454e-02 3.32628e-05 
2.83087e-08 1.13801e-06 1.81176e-07 3.19153e-05 1.54566e-06 2.73462e-06 2.12712e-05 3.58955e-06 6.22792e-08 2.04446e-05 3.39705e-07 5.71610e-05 7.51257e-05 4.86231e-05 3.32628e-05 4.15166e-03 

